14870204
14880040
14884399	1	-0.00994916883393
15257135
15272858
15298335
15380277
15412698
15434027	7	-0.00220455383241
15434720	8	0.00379388921491
15437138
15438616	10	-0.00787935702269
15445079	11	-0.0382679677242
15447005	12	0.0229045844872
15447504	13	0.0150839756098
15452483	14	0.0421993302335
15454622
15455353	16	0.0698655473645
15460378	17	0.0646099878223
15464609	18	0.0871051491015
15467656	19	0.227197799285
15474749
15476864	21	-0.04252992415
15480497
15496398
15509738	24	-0.0473864471779
15529033
15532611	26	-0.0932532068229
15534984	27	0.0296974344598
15535383	28	-0.00571398191719
15549522
15551377	30	-0.0869735461376
15557470	31	-0.00327985656333
15558213	32	-0.00593994879978
15558230	33	0.0225558736652
15558586	34	-0.013074273976
15558924	35	0.160673094872
15567276
15567719	37	-0.0640558501918
15569194	38	-0.0653590239092
15570730	39	0.165891944398
15574326
15576300	41	0.0808309014261
15580597	42	-0.0
15582602	43	-0.0
15583103	44	0.156976922916
15591075	45	0.159267177892
15594252	46	0.111260448924
15594669	47	0.143071
15601495
15607461
15611133
15611603	51	0.101096609164
15618270	52	-0.00605545240853
15618335	53	-0.0213500821008
15619552	54	-0.0572216682759
15625340	55	0.0909244998337
15626329	56	-0.037837368862
15634399	57	0.213327414047
15636231	58	-0.0804100926411
15637198	59	-0.107033466579
15638201	60	-0.134922463143
15639954
15641026	62	-0.0417526929056
15643854	63	-0.0352213879471
15644565	64	0.101514049462
15644904	65	-0.0502196556261
15645124	66	-0.0502196556261
15645194	67	-0.0444233078147
15647006
15648016	69	0.0980974584104
15649076	70	0.101166106558
15651652	71	0.10559626509
15651703	72	0.101514049462
15653178	73	-0.00063676651922
15653728	74	0.00287071412997
15654435	75	-0.0438214375899
15655394	76	0.0609095484928
15658762	77	-0.0161337497667
15660822	78	0.058156
15661931	79	0.0376562482425
15664065	80	0.213866560324
15665049
15665949	82	-0.0507212142325
15666329
15666712	84	0.171790903386
15668988
15669118	86	-0.00855704088199
15674251	87	0.0576971708854
15679901	88	-0.20822132672
15680320	89	-0.0571861899312
15681217	90	-0.0571861899312
15681843	91	-0.066515942314
15683383	92	0.0873742739767
15683469	93	0.243271778881
15683596	94	-0.048785955356
15684132	95	-0.0497919571819
15684246	96	0.2436
15684887	97	-0.187480458182
15685777	98	-0.123686977407
15686104	99	0.0910249568162
15686270	100	0.0584730365917
15688241
15689296	102	-0.0152895440182
15689362	103	-0.0435863282386
15689881	104	0.159243047078
15690488	105	0.159243047078
15690741	106	0.237679
15692596	107	-0.183058990997
15693798	108	-0.0539169633566
15695102	109	-0.0581587075862
15695458	110	-0.0569495625308
15695503	111	0.193270842039
15696313	112	-0.0581587075862
15697233	113	-0.0572884534073
15697346	114	0.138045405823
15698150	115	0.23342438157
15698333	116	-0.00955824406468
15698682	117	-0.00955824406468
15699156	118	0.120300066194
15701768	119	-0.0213380665557
15703853	120	-0.000596128187557
15704504	121	0.00263199148935
15705148	122	0.00263199148935
15706181	123	0.00262557852825
15706432	124	0.122107194097
15706668	125	-0.0481354893369
15707595	126	0.173259026165
15708627	127	0.173259026165
15709601	128	-0.00213183962811
15711656	129	0.0133086108967
15719003	130	-0.00273652578501
15719068	131	0.17616012553
15719404	132	0.12546741434
15720906	133	0.126511543973
15722480	134	0.1771
15727348	135	-0.00433388020139
15732097	136	-0.0
15733947	137	-0.0365766401923
15767757
15771088	139	-0.0856558935752
15773876	140	-0.00931247972427
15774989	141	0.0121225965412
15775610	142	0.157704917456
15776459	143	-0.0118493169018
15776612	144	-0.0107496390311
15777875	145	0.170283239969
15778508	146	0.1362936397
15778800	147	-0.0772206044239
15778812	148	-0.0347143567766
15779211	149	-0.027162343694
15783936	150	0.101706688205
15784605	151	-0.1278810926
15785173	152	-0.0645705057207
15787349	153	-0.0674471587603
15787566	154	-0.0664843254124
15787755	155	-0.0405594253433
15789897	156	-0.0289738290473
15789957	157	-0.0289738290473
15790373	158	-0.0904415076085
15790790	159	0.181652119974
15791899	160	0.20128329698
15792216	161	-0.113242473999
15792806	162	-0.0791671998155
15793595	163	-0.00642746948775
15794103	164	-0.0288007114445
15794640	165	-0.0283155470455
15795490	166	-0.0227606261116
15795572	167	-0.00674033555604
15801989	168	-0.0295319835872
15803930	169	-0.0288062188486
15806401	170	-0.0287308966159
15807037	171	-0.0328556001409
15807664	172	-0.0272659758351
15808080	173	-0.0844985315337
15808123	174	-0.0192309267327
15808982
15809384	176	0.11483415833
15809434	177	0.105810533041
15813210	178	-0.0476292941442
15814084	179	-0.112386729808
15814521	180	-0.0259655747777
15816846	181	-0.0371164702201
15817310	182	0.179164358584
15821524	183	-0.0562154052978
15822154	184	-0.0208536987127
15822223
15822739	186	0.087517180541
15822987	187	0.0627434051823
15823131	188	0.091596
15823238	189	0.0567223703001
15823381	190	-0.136574347081
15824619	191	0.00350681440555
15825502	192	0.00292786316279
15826914	193	0.0537215397855
15826991	194	-0.0298854288341
15830515	195	-0.103986065777
15832925
15832966	197	0.164533449968
15842185	198	0.148929150353
15843189	199	-0.0445042236198
15847411	200	-0.0119718694921
15847474	201	-0.0294002239991
15849026	202	-0.117423076594
15850779	203	-0.0338512763
15855406
15855921	205	-0.00482339108097
15866333	206	-0.0299914077538
15868195	207	0.221689633023
15869577
15869890	209	-0.0122522798244
15870932	210	-0.0277078358254
15872203	211	-0.122742977229
15872452	212	-0.138351650857
15872533	213	-0.0700925245214
15873182	214	0.0717503594153
15873293	215	0.071361509663
15873520	216	-0.0556604815789
15873708	217	-0.0716464802094
15873792	218	0.112632583276
15874101	219	0.00929716715564
15874547	220	-0.0310032261031
15880036	221	-0.0168616619488
15884945	222	0.0392467571943
15899579
15904190	224	-0.0372130864079
15904203	225	0.0733578519999
15905584	226	0.0733578519999
15905970	227	0.238622118275
15909583	228	0.111928132136
15910370
15912449	230	0.158371234611
15916555
15918189	232	-0.0157428898237
15919678	233	-0.00373202391471
15921673	234	0.0418579329491
15922650	235	-0.00206519709544
15924834	236	0.00495082514123
15925859	237	-0.0365317118833
15929526	238	-0.0157428898237
15934354	239	0.159770821602
15937144	240	0.167056
15941913	241	-0.0599082327928
15944907	242	-0.0571183819485
15945013	243	0.162384
15945035	244	0.162384
15947699	245	0.120093659319
15947807	246	0.241351
15951355	247	0.215279611513
15955800
15960394	249	-0.0150917493459
15960813	250	0.0458905160273
15961838	251	0.0962091864886
15965441	252	0.223005960406
15965808	253	0.0765822457271
15966471	254	-0.0343904853513
15967680	255	-0.0857724848508
15967975	256	-0.130418016182
15969209	257	0.187898314743
15969246	258	-0.0234112404324
15969567
15970744	260	0.195455363555
15971089	261	-0.133234009997
15973685	262	0.0799993355609
15974915	263	0.104126422
15975915	264	-0.0645398419851
15976178	265	-0.037237664811
15976229	266	-0.078984403514
15977297	267	0.216676028024
15977462	268	-0.0203721067783
15977768	269	-0.0200050117237
15978409	270	0.224719
15979170	271	-0.0150192352195
15979844	272	-0.0146389396901
15979860	273	-0.0122980193631
15980497	274	0.0272064467287
15980977	275	0.0197360903176
15982839	276	-0.0627215773488
15983477	277	-0.0682500887999
15983801	278	0.2436
15985824	279	-0.0643538519873
15985899	280	-0.0366474512808
15987894	281	0.165690065826
15989916
15991515	283	-0.0327957825414
15994011	284	0.0258399199999
15995213	285	-0.0180086379274
15996217	286	-0.08313406758
15996510	287	0.145671
15998142	288	-0.0627987113522
15998164	289	0.2275
15999292	290	-0.0922387092277
16000130
16001704	292	-0.00136715200362
16006665
16010486	294	0.0950604959161
16013669	295	-0.00355785694822
16014050	296	-0.0
16021079	297	0.0157003847175
16023546	298	-0.0646707540606
16023725	299	-0.0587209315457
16023843	300	0.231125345867
16024131	301	0.227976519772
16027862	302	0.22510372623
16029774	303	-0.115971558864
16035388	304	-0.114257069123
16036724	305	-0.116803407685
16038341	306	-0.130357787141
16040556	307	0.150193374128
16040646	308	0.190930146124
16041178	309	0.208422036974
16041347	310	0.189735799339
16043117
16045413	312	-0.0404386104671
16046437	313	0.109342852789
16049151	314	-0.0
16049306	315	0.0586519307787
16050224	316	-0.00429156320611
16054117
16055900	318	-0.0
16056590	319	0.111777765406
16057699	320	-0.091533704609
16059312	321	-0.0142187197864
16060519	322	-0.0127811638702
16062165	323	-0.0278770504574
16062294	324	-0.0189465433576
16064344	325	-0.0189465433576
16068402	326	-0.00739910227555
16070409	327	0.057707911965
16071795	328	0.249984
16077781	329	-0.0578675010073
16078080	330	0.197710939794
16079630
16080284	332	0.234649040974
16081234	333	-0.125184851322
16082778	334	0.227496873157
16085622	335	-0.149621196399
16085808	336	-0.149621196399
16089771	337	0.219200073745
16089828	338	-0.0906327541786
16089935	339	-0.0916135148109
16090860	340	-0.0339940301009
16092611	341	-0.0205885450554
16094695	342	0.00999278677347
16095771	343	0.033860192557
16098119	344	-0.0105458304936
16098606	345	0.00914978841968
16098911	346	0.0423580821317
16101595	347	-0.00546607482825
16102024	348	-0.0508683300296
16102442	349	-0.247353156438
16102536	350	-0.226064214481
16102885	351	-0.00617691184978
16104093	352	0.00305847020584
16107125	353	-0.0419975369278
16109044	354	-0.0581515489918
16111977	355	-0.0218797646925
16113896	356	0.104640203618
16115191	357	0.0635316467498
16118100	358	-0.0086257754907
16124553	359	0.0136135226889
16126101	360	0.0394365518903
16126528	361	-0.00378709041667
16129096	362	0.0689072872779
16131168	363	0.0125601871005
16140350	364	0.0136625216975
16146115
16149065	366	0.0275499072086
16150181	367	0.0300557921238
16161035	368	0.0948112501008
16161555	369	0.181879
16162813	370	0.147206853713
16163923	371	0.221208473012
16163945	372	0.229836
16164602	373	0.0855261529761
16167836	374	-0.0317283338628
16168525	375	-0.00120383216106
16168722	376	0.00262557852825
16169010	377	-0.0819318847569
16170731
16171564	379	0.238764
16172740	380	-0.0181120791231
16173012	381	0.0434261496627
16173206	382	0.0263075309357
16175408	383	-0.0
16178800
16179368	385	0.159293191544
16179387	386	0.159293191544
16179529	387	0.11804977126
16180472	388	0.115610852748
16180757	389	0.10969057229
16183593	390	0.104185988108
16183786	391	0.113497919034
16185430	392	0.111597233736
16190053
16190483	394	0.0639691082554
16194811	395	0.0360429084742
16197037	396	-0.00419499366769
16203261	397	-0.0
16205432	398	0.0517464722495
16207684	399	0.217515909486
16209955
16210125	401	-0.0384680892379
16211813	402	-0.0107568117144
16212142	403	0.249039
16214655	404	-0.0
16214898	405	-0.0
16218809	406	-0.0513806623979
16221068	407	0.230002135614
16222731	408	0.196108568424
16224295	409	0.216959534088
16226171	410	-0.220858885555
16226951	411	0.0197842006738
16231683	412	0.123814251502
16232805	413	0.1275
16233714	414	0.1275
16236960	415	0.1275
16240048
16240634
16241458	418	0.124077074927
16241476	419	0.211594981842
16242147	420	0.0100444972099
16242268	421	-0.0985068917589
16246198	422	0.0551428381731
16246989	423	-0.00248912160591
16247492	424	0.026271
16247549	425	0.0165942506377
16253099
16260070	427	-0.146700608094
16263220
16265697	429	0.187342991218
16266806	430	0.0032090550684
16268609	431	-0.0
16268812	432	-0.0141295988007
16268891	433	0.242121203893
16270558	434	0.245135115642
16271078	435	-0.0293015958994
16271554	436	-0.0285536951041
16272371	437	-0.00296630846946
16272618	438	-0.00333410261465
16274083	439	-0.0073587623123
16275051	440	-0.112661484185
16277608	441	-0.046095888688
16279113	442	-0.039818829275
16279136	443	-0.0433737824177
16279175	444	0.110867490203
16279518
16279841	446	0.107635458841
16281683	447	0.0628751323309
16282056
16283330	449	0.154925508404
16283550	450	0.153298150789
16283914	451	0.00495082514123
16284558	452	0.008919
16284931	453	0.008919
16284959	454	0.008919
16285346	455	0.008919
16288162	456	0.00495169699911
16288285	457	0.151833225286
16289524	458	-0.0590820147761
16289998	459	0.06447355
16290586	460	-0.0581768858018
16290844	461	0.11354395956
16292086	462	0.169911
16292139	463	-0.0219649312914
16294004	464	0.0274182081964
16295430	465	-0.00206906954934
16295744	466	-0.00206906954934
16296414	467	-0.0020406009409
16296547	468	0.0610653354804
16302735
16302770	470	0.0617106764401
16303962	471	0.0606309640608
16309926	472	0.108624
16310263	473	0.108624
16311483	474	0.0395394855809
16311566	475	0.0395394855809
16312686	476	0.0620576701706
16317630	477	0.0446106794048
16319816	478	-0.0175777487893
16320494	479	-0.0125783883427
16322684
16322872	481	-0.0
16323200	482	-0.0366627126656
16323430	483	0.0697982091461
16323899	484	-0.000528935171831
16326168	485	-0.000604084815237
16326202	486	-0.00584347978793
16327371	487	0.0461594272343
16328473	488	-0.0102060614875
16328917	489	0.122494815073
16332520	490	-0.00764103607235
16333763	491	-0.00148664948391
16334739	492	-0.00440674874437
16336368	493	-0.00440674874437
16336887	494	-0.0163323951512
16338441	495	0.182234316469
16341525	496	0.190616676307
16345531	497	-0.150069084895
16345843
16348311	499	-0.0481497280283
16351225	500	0.12087723526
16351883	501	-0.0174514508967
16353032	502	0.0718404548983
16353664	503	0.0441990227584
16355834	504	0.085073668991
16357024	505	-0.0320989515761
16359626	506	-0.0310621560827
16365560	507	0.0531418102377
16366811	508	-0.0081708555459
16367962	509	0.154800437984
16368394	510	-0.0592656095774
16369378	511	0.108542810927
16370258	512	-0.00574861207597
16370606	513	-0.0
16370852	514	-0.0111715726892
16372131	515	0.0566860359086
16374585	516	0.0986047157007
16376931	517	0.139478072699
16377454	518	0.145671
16377569	519	-0.0830778226141
16377619	520	-0.117500538282
16379158	521	-0.11739035829
16381375	522	-0.124966251956
16382160	523	-0.0194478415435
16382892	524	0.0661921821589
16389909	525	0.0437677079762
16390706	526	-0.0360394561835
16390945	527	-0.0287478547461
16391380	528	-0.0442990934444
16392012	529	-0.0442990934444
16393723	530	-0.0216311567166
16395567	531	-0.000966984509183
16396508	532	-0.00417572089585
16398509	533	-0.0504808779638
16398516	534	-0.0212335764253
16398940
16399539	536	-0.0204844616738
16400773	537	-0.025694335183
16400796	538	0.0352633312378
16401505	539	-0.00262576200597
16401604	540	-0.0106484085222
16401760	541	0.138896853002
16407334	542	-0.0204455565019
16407656	543	-0.00428297536766
16409546	544	-0.00671274534189
16410667	545	-0.0219788396891
16411544	546	0.10227955048
16413199	547	0.00590271999133
16416388	548	0.065223200363
16416431	549	0.0776782648432
16418786	550	0.182748634226
16418910	551	0.121974336957
16422216	552	-0.00614190330435
16422376	553	-0.00548488544848
16427028	554	-0.055519648409
16427231
16429681	556	-0.0490986175504
16433496	557	0.147662710392
16435605	558	-0.0457313494634
16448785
16456523	560	0.0198108830164
16456546	561	0.0189304183967
16457720	562	0.0287447437221
16460154
16461136	564	0.105998525294
16461156	565	0.102782800733
16463260	566	0.096208111525
16463591	567	-0.0547062479719
16464033	568	-0.0538156866995
16468903	569	0.224719
16471087	570	0.224719
16473102	571	-0.164721226991
16474292
16474915
16475170	574	0.225191004296
16475312	575	-0.164721226991
16475838	576	-0.163803977084
16475901	577	0.224398771835
16476378	578	0.11675584503
16480435	579	0.116108669895
16482627	580	0.0612799607171
16484619	581	-0.0453680147586
16491431
16494956	583	0.11533767542
16495251	584	0.131729245518
16495277	585	0.152718353647
16495392	586	0.243553529868
16499145	587	0.0395796351272
16500850	588	0.0654165502709
16501246	589	0.0152321152229
16501334	590	0.0152321152229
16508960	591	-0.0596315222145
16510209	592	-0.0347854924545
16511078	593	-0.0347854924545
16515912	594	-0.0675741328744
16528454	595	-0.0675741328744
16533009	596	-0.0407376455567
16534878	597	0.174924
16538344	598	0.174924
16539407	599	-0.0427856827081
16541543	600	-0.0427856827081
16541979	601	-0.0316800639204
16543795	602	0.108747387279
16544602	603	0.111616
16555030
16558859	605	-0.0237183199999
16559399	606	-0.0278373736638
16561869	607	0.096143637543
16561984	608	0.0142100949807
16564011
16569296
16569469	611	-0.026877494969
16573707	612	-0.026877494969
16589613
16590409
16590560	615	0.0253900859658
16591205
16592923
16593057	618	-0.0707893613207
16594192	619	-0.0707893613207
16594609	620	-0.0735591550726
16595520	621	-0.0764076534288
16596211	622	-0.0200621713942
16598210	623	-0.00252379319517
16600831	624	-0.00354076671697
16601985	625	-0.0291342
16602263	626	0.107321743283
16602567
16602623	628	0.00495025919321
16602665	629	0.00290796203276
16604155	630	-0.15883237782
16605318	631	-0.0858304749235
16606327	632	-0.00531993874965
16606476	633	0.026271
16606528	634	0.026271
16606764	635	0.0192259067931
16609187	636	0.0113655711691
16609774	637	0.112638416864
16612368	638	-0.0853787496892
16613000	639	0.22654440354
16614535	640	-0.0548102359236
16614589	641	-0.0183253171875
16615108	642	-0.00113404760085
16615305
16620974	644	-0.0117608756705
16626375
16629023	646	0.168278408365
16630268	647	-0.0306665037329
16635988	648	-0.00547965640675
16640342
16641028	650	0.00907060637444
16641496	651	0.0371727678066
16641587	652	-0.0216783840367
16642301	653	-0.124070854105
16642767	654	-0.0205935274725
16643268
16644831	656	-0.104729275993
16656101
16662708	658	0.0218118497427
16663247	659	0.058156
16666342	660	0.021458627508
16666672	661	0.0150919999359
16668362	662	0.237437274093
16669204	663	0.198080393457
16669555	664	-0.0210034385665
16672466	665	0.0408047229291
16674211	666	0.210638221385
16675130	667	0.228031735083
16675575	668	0.20635043388
16679197
16680240	670	0.172482123243
16684695	671	0.216654199535
16684784	672	0.0465842219222
16687634	673	0.0458567530397
16688320	674	0.0528330892055
16688819	675	0.0499806884894
16688936	676	0.158402950758
16689859	677	0.188496
16690068	678	0.166606669215
16690110	679	0.218142853295
16693512
16694391	681	0.19830871012
16696304	682	-0.1411697492
16696333	683	0.22729411984
16696526	684	-0.141088319987
16696620	685	-0.143393297168
16697142
16697621	687	-0.0204743464447
16698963	688	0.214930879539
16699179	689	0.219269713737
16700058	690	0.22103413254
16700258	691	0.223942601457
16703438	692	0.201932268929
16703609	693	0.201425563708
16704301	694	0.228684
16706162	695	-0.0173688041937
16709411
16711118	697	0.169837226008
16713902	698	0.176115449336
16714573	699	-0.00886306931108
16717632	700	0.0248616962793
16717880	701	-0.0118470173664
16718356	702	0.219918967804
16719012	703	0.162588217654
16723011	704	0.187016685198
16723843	705	0.236667309859
16725864	706	0.0377755711759
16727127	707	-0.0180171958981
16727224	708	-0.0164646735256
16728439	709	0.0200502836249
16730514	710	0.029981883725
16734272	711	0.0300019433971
16734328	712	0.219168779346
16734783	713	0.0221406944336
16739243	714	0.0163754912545
16742573	715	0.035707957068
16742940	716	-0.013818704349
16744579	717	0.149182393744
16747640	718	0.202361421929
16748147
16748548	720	-0.0295467447957
16749916	721	0.199596363704
16751358	722	0.17563394471
16751637	723	0.149182393744
16752020	724	0.235839
16753885	725	0.229382768428
16754014	726	0.194919334284
16757199
16758002	728	0.16266183248
16761686	729	0.155180167767
16771061
16773564	731	0.0631955975216
16773933	732	-0.0254743765182
16775241	733	-0.0559107570662
16776329
16777120	735	-0.106151517295
16778018	736	0.212497845063
16778207	737	0.206400664109
16778976	738	0.132457690205
16783629	739	-0.0966892544602
16787468	740	-0.118424394172
16788705	741	0.161193982509
16793975	742	0.020744547621
16800055	743	0.00459958398119
16801458	744	-0.000756701008325
16801899	745	0.00243281863196
16806299	746	0.0900849523174
16807308	747	-0.00586858297845
16808163	748	0.0350460556607
16809694	749	-0.0291938320647
16810193	750	0.0943864105709
16810658	751	-0.026926044094
16812033	752	-0.0266846682676
16812720	753	-0.00474886401637
16815794	754	-0.00699959742842
16816944	755	0.11406916846
16817027	756	-0.0212105073761
16818485	757	0.00695440482385
16818752	758	-0.00543448933231
16819598
16819958	760	0.179775
16822522	761	0.126070218965
16823681	762	0.249039
16823699	763	0.126070218965
16824180	764	0.126070218965
16824657	765	0.12350921958
16824675	766	0.177885571084
16824693	767	0.179775
16824734	768	0.179775
16824908	769	0.1803022269
16828129
16828960	771	0.137632918952
16835122	772	-0.0435630769486
16835621
16835830	774	0.113257210903
16836723	775	0.0172341178469
16836874	776	-0.0132058478864
16837842
16843266	778	0.0126375101662
16845677	779	0.191421493111
16846802	780	-0.0484206524805
16847133	781	0.0950003819311
16850030	782	0.227162256776
16850897	783	0.0996247099205
16852430
16854728	785	-0.12430472251
16855941	786	-0.00122553503744
16857024	787	-0.000768494746892
16859382	788	0.148239
16859447	789	0.094052119672
16861122	790	0.0140277277518
16866017
16866282	792	0.122289414327
16869048	793	-0.0354431949054
16873980	794	0.0535500065359
16875470	795	-0.0193059949239
16875947	796	-0.025062255541
16876522	797	-0.109313954081
16879307	798	0.138394239267
16884801	799	-0.0996127585081
16885121	800	-0.0996127585081
16887030	801	-0.0236819799797
16892094	802	-0.0200621713942
16892282	803	-0.0822776355413
16892325	804	-0.0791581472559
16892496	805	-0.0346926806229
16896319	806	-0.00505924306433
16898634	807	-0.00531993874965
16898651	808	-0.0507656409632
16898783	809	-0.021189015074
16898829	810	-0.0430245758236
16900582	811	0.0855935164577
16900654	812	-0.059204641025
16903214	813	-0.0695658557627
16905700	814	-0.0849590157502
16906789	815	0.246156
16910984	816	-0.0197839961004
16913335	817	0.0156545239779
16913434	818	0.166434454446
16917041	819	0.0301569147048
16917145	820	-0.00871697658429
16919370	821	0.0755313120561
16919553	822	0.101580991211
16919656	823	0.105719416003
16921497	824	-0.032194595781
16922311	825	0.0758463466942
16923688	826	0.175814865128
16924342	827	-0.00699959742842
16925387	828	0.015803879282
16925634	829	0.237679
16926611
16929152
16929174	832	0.0140955164893
16929641	833	0.0455754299588
16929740	834	0.065959
16931344	835	0.0581769666081
16931780	836	-0.0249986347368
16932662	837	-0.016932524522
16933019	838	-0.00185837999128
16933606	839	-0.00494539978242
16933808	840	-0.00494539978242
16935134
16940570
16942888	843	0.0284052080047
16946288	844	0.0225981852326
16946917	845	-0.00454368411644
16950153	846	-0.0152317207408
16950175	847	0.061775671463
16951008	848	0.221776
16952431
16954715	850	0.0742493474055
16956389	851	0.0738297304668
16957338	852	-0.0203709382798
16961665	853	0.127834155596
16962650	854	-0.0148704585538
16963267	855	-0.020814451595
16964433	856	0.16240221258
16964588	857	0.0412983828175
16965064	858	-0.0
16965252	859	-0.0
16965987	860	-0.000786610211604
16966169	861	0.069375
16970899
16974931	863	-0.00463786705113
16974961	864	0.0121617609197
16975352	865	-0.00213332273297
16976289	866	-0.00213332273297
16976449	867	0.01095260632
16977209	868	-0.0159812842287
16977404	869	0.0390344561638
16977502	870	0.169544764136
16981415	871	0.131716536453
16987872	872	0.0569044332864
16988627	873	0.0283619132184
16989046	874	0.032238481591
16989065	875	-0.00153109607798
16989128	876	-0.0
16989854	877	-0.0
16990110	878	0.0275737680274
16991223
16993045	880	0.0722972198636
16993603	881	-0.00177965030273
16994445	882	-0.000803939751474
16994874	883	0.0268488193439
16995910	884	0.00394508999137
16997515	885	0.003984
17004958	886	0.003984
17009028	887	0.003984
17011365	888	-0.00063676651922
17013446	889	-0.0243272378364
17013978	890	0.17066821189
17020300	891	0.0335977304903
17022145	892	0.115832066648
17028971	893	0.0816312147314
17029861	894	0.227330373841
17030682	895	0.227865204806
17270615
17272575	897	-0.0151922165672
17273631	898	-0.100231533593
17276464
17276709	900	-0.0422681912456
17277228	901	0.204629556575
17281004
17285556
17287405
17292119
17292678	906	0.247084
17293312	907	0.0742499949495
17295347	908	-0.010708249857
17295963	909	0.0489180839512
17296180	910	0.0713945512619
17296756	911	-0.0132963402651
17297031	912	-0.078898442809
17297748	913	-0.0447513618146
17298218	914	0.098679
17298825	915	-0.00389321132229
17301917	916	-0.0125322705365
17303383	917	-0.09133744848
17304956	918	0.175801319581
17334629
17343340
17345418	921	-0.120108904068
17345628	922	-0.0929487996722
17346859	923	-0.0289997048437
17347349	924	0.0756718380715
17347371	925	0.0532240924697
17351224
17355587
17360239
17360443	929	-0.00159891613289
17360791	930	0.0115035374559
17361291	931	0.017676
17361563	932	-0.00573483999986
17362097	933	0.194015713937
17366967
17369020	935	0.004273365477
17370128	936	0.132077269657
17372121	937	-0.0262176265141
17376565
17387341
17396663
17404651	941	0.0907516719228
17405381	942	0.0826061378346
17406025	943	0.102475555503
17406613	944	0.213040407352
17406877	945	0.238973907731
17407597	946	0.235731370587
17408476	947	0.217642190352
17410113	948	0.219665176945
17410336	949	0.238764
17410722	950	0.230225416273
17411108	951	0.0221334304468
17412215	952	0.0317021945115
17416739	953	0.0993594435699
17417535	954	0.136904006741
17417734	955	-0.0088667073564
17420775	956	0.0219563591474
17421699	957	0.100258198149
17426677	958	0.0039584767434
17427207	959	-0.000686317932157
17428449	960	-0.0314254657372
17429602	961	0.123015592178
17430635	962	0.219665176945
17431362	963	0.0219563591474
17431381	964	0.0217642644895
17436576	965	0.222446703969
17436915	966	0.125902851405
17437790	967	0.169911
17438146	968	-0.017395209413
17442353	969	-0.0302228524664
17453612	970	0.0219563591474
17457049	971	-0.0
17457594	972	-0.0155283105873
17457927	973	0.0984937801408
17460150	974	0.0217642644895
17462535	975	0.0219563591474
17464689	976	0.238764
17465202	977	0.137951453201
17466183	978	0.137951453201
17474165
17477680
17477700	981	0.158009529243
17478642	982	0.148192433464
17478966	983	0.148192433464
17479419	984	0.194775
17481978	985	0.194775
17483298	986	-0.0250054893173
17484186
17487437
17487596	989	0.209593057474
17488548	990	0.210027808112
17492322	991	-0.03182366541
17493028	992	-0.0123673324115
17493477	993	-0.0846267216225
17493686	994	0.249039
17495656	995	0.119487001937
17497267	996	0.144314706915
17497892	997	-0.0
17499751	998	-0.0
