0.430303030303	0.436363636364	0.133333333333	0.430303030303	0.436363636364	0.133333333333	0.430303030303	0.436363636364	0.133333333333
1.0	0.0	0.0	0.555555555556	0.430555555556	0.0138888888889	0.227272727273	0.363636363636	0.409090909091
0.741379310345	0.224137931034	0.0344827586207	0.769230769231	0.205128205128	0.025641025641	0.9	0.1	0.0
0.864	0.128	0.008	0.857142857143	0.142857142857	0.0	1.0	0.0	0.0
0.524475524476	0.370629370629	0.104895104895	0.52380952381	0.428571428571	0.047619047619	1.0	0.0	0.0
0.563218390805	0.35632183908	0.0804597701149	0.241935483871	0.677419354839	0.0806451612903	0.125	0.4375	0.4375
0.621212121212	0.272727272727	0.106060606061	0.2	0.65	0.15	0.105263157895	0.368421052632	0.526315789474
0.881355932203	0.101694915254	0.0169491525424	0.0519480519481	0.831168831169	0.116883116883	0.0	0.103448275862	0.896551724138
0.982142857143	0.0178571428571	0.0	1.0	0.0	0.0	1.0	0.0	0.0
0.55487804878	0.384146341463	0.0609756097561	0.0	1.0	0.0	0.0	0.0	0.0
0.846153846154	0.153846153846	0.0	0.953125	0.046875	0.0	1.0	0.0	0.0
0.736486486486	0.25	0.0135135135135	0.882352941176	0.117647058824	0.0	0.0	0.0	0.0
0.508064516129	0.41935483871	0.0725806451613	0.666666666667	0.333333333333	0.0	1.0	0.0	0.0
1.0	0.0	0.0	0.892307692308	0.107692307692	0.0	0.777777777778	0.222222222222	0.0
0.50641025641	0.429487179487	0.0641025641026	0.111111111111	0.666666666667	0.222222222222	0.0	0.0	0.0
0.9125	0.0875	0.0	0.767123287671	0.232876712329	0.0	0.5	0.416666666667	0.0833333333333
1.0	0.0	0.0	0.0	1.0	0.0	0.0	0.0	1.0
0.755555555556	0.237037037037	0.00740740740741	0.0	0.965517241379	0.0344827586207	0.0	0.0	1.0
0.901960784314	0.0882352941176	0.00980392156863	0.466666666667	0.5	0.0333333333333	0.333333333333	0.333333333333	0.333333333333
0.570247933884	0.355371900826	0.0743801652893	0.025	0.75	0.225	0.0	0.0	1.0
1.0	0.0	0.0	0.0	1.0	0.0	0.0	0.0	1.0
0.671428571429	0.285714285714	0.0428571428571	0.739726027397	0.232876712329	0.027397260274	0.909090909091	0.0909090909091	0.0
0.479338842975	0.421487603306	0.099173553719	0.692307692308	0.307692307692	0.0	1.0	0.0	0.0
1.0	0.0	0.0	0.444444444444	0.555555555556	0.0	0.583333333333	0.166666666667	0.25
0.696	0.256	0.048	0.837837837838	0.162162162162	0.0	1.0	0.0	0.0
0.413223140496	0.446280991736	0.140495867769	0.631578947368	0.368421052632	0.0	1.0	0.0	0.0
0.9875	0.0125	0.0	0.0	0.985294117647	0.0147058823529	0.0	0.0588235294118	0.941176470588
0.253164556962	0.46835443038	0.278481012658	0.608695652174	0.391304347826	0.0	1.0	0.0	0.0
1.0	0.0	0.0	0.859375	0.140625	0.0	0.590909090909	0.363636363636	0.0454545454545
0.727891156463	0.272108843537	0.0	0.823529411765	0.176470588235	0.0	1.0	0.0	0.0
0.5	0.426229508197	0.0737704918033	0.441860465116	0.53488372093	0.0232558139535	0.0	0.0	0.0
0.4	0.4375	0.1625	0.426666666667	0.573333333333	0.0	1.0	0.0	0.0
0.972972972973	0.027027027027	0.0	0.974358974359	0.025641025641	0.0	1.0	0.0	0.0
0.223602484472	0.55900621118	0.217391304348	0.0	0.5	0.5	0.0	0.0	0.0
1.0	0.0	0.0	0.934782608696	0.0652173913043	0.0	0.810810810811	0.189189189189	0.0
0.440789473684	0.460526315789	0.0986842105263	0.615384615385	0.384615384615	0.0	0.0	0.0	0.0
0.666666666667	0.32	0.0133333333333	0.0133333333333	0.826666666667	0.16	0.0	0.2	0.8
0.588235294118	0.352941176471	0.0588235294118	0.573033707865	0.415730337079	0.0112359550562	0.88	0.12	0.0
0.330097087379	0.504854368932	0.165048543689	0.758620689655	0.241379310345	0.0	1.0	0.0	0.0
0.390243902439	0.560975609756	0.0487804878049	0.80303030303	0.19696969697	0.0	1.0	0.0	0.0
0.990196078431	0.00980392156863	0.0	0.0338983050847	0.966101694915	0.0	0.0	0.0	1.0
0.31067961165	0.52427184466	0.165048543689	0.758620689655	0.241379310345	0.0	1.0	0.0	0.0
0.9875	0.0125	0.0	0.602941176471	0.397058823529	0.0	0.529411764706	0.294117647059	0.176470588235
0.976744186047	0.0232558139535	0.0	1.0	0.0	0.0	1.0	0.0	0.0
0.413580246914	0.444444444444	0.141975308642	0.333333333333	0.333333333333	0.333333333333	0.0	0.0	0.0
0.985294117647	0.0147058823529	0.0	0.301369863014	0.684931506849	0.013698630137	0.0833333333333	0.5	0.416666666667
0.736263736264	0.230769230769	0.032967032967	0.015873015873	0.809523809524	0.174603174603	0.0	0.0	1.0
1.0	0.0	0.0	0.458333333333	0.541666666667	0.0	0.36	0.48	0.16
1.0	0.0	0.0	0.0	1.0	0.0	0.0	0.0	1.0
0.372727272727	0.481818181818	0.145454545455	0.490196078431	0.509803921569	0.0	1.0	0.0	0.0
0.557142857143	0.385714285714	0.0571428571429	0.632911392405	0.367088607595	0.0	1.0	0.0	0.0
1.0	0.0	0.0	0.160714285714	0.839285714286	0.0	0.0	0.5	0.5
1.0	0.0	0.0	0.265306122449	0.734693877551	0.0	0.5	0.0	0.5
0.890625	0.1015625	0.0078125	0.944444444444	0.0555555555556	0.0	1.0	0.0	0.0
0.335570469799	0.469798657718	0.194630872483	0.6	0.4	0.0	1.0	0.0	0.0
0.6	0.366666666667	0.0333333333333	0.776315789474	0.223684210526	0.0	1.0	0.0	0.0
0.975806451613	0.0241935483871	0.0	0.205128205128	0.794871794872	0.0	0.0	0.0	1.0
0.426356589147	0.480620155039	0.093023255814	0.588235294118	0.411764705882	0.0	1.0	0.0	0.0
0.961038961039	0.038961038961	0.0	0.0131578947368	0.986842105263	0.0	0.0	0.0	1.0
0.4	0.48	0.12	0.576923076923	0.410256410256	0.0128205128205	1.0	0.0	0.0
0.172413793103	0.505747126437	0.32183908046	0.470588235294	0.529411764706	0.0	1.0	0.0	0.0
0.19298245614	0.578947368421	0.228070175439	0.45	0.55	0.0	1.0	0.0	0.0
0.693333333333	0.226666666667	0.08	0.779220779221	0.220779220779	0.0	1.0	0.0	0.0
0.4	0.472	0.128	0.529411764706	0.470588235294	0.0	1.0	0.0	0.0
0.716216216216	0.256756756757	0.027027027027	0.8	0.2	0.0	0.9375	0.0625	0.0
1.0	0.0	0.0	0.0285714285714	0.971428571429	0.0	0.0	0.0	1.0
0.294573643411	0.480620155039	0.22480620155	0.470588235294	0.529411764706	0.0	1.0	0.0	0.0
0.678571428571	0.285714285714	0.0357142857143	0.775	0.225	0.0	1.0	0.0	0.0
0.364341085271	0.457364341085	0.178294573643	0.5	0.5	0.0	1.0	0.0	0.0
0.712121212121	0.272727272727	0.0151515151515	0.776315789474	0.223684210526	0.0	1.0	0.0	0.0
1.0	0.0	0.0	0.0	0.971428571429	0.0285714285714	0.0	0.0	1.0
0.992248062016	0.0077519379845	0.0	0.0	1.0	0.0	0.0	0.0	1.0
0.9921875	0.0078125	0.0	0.0	1.0	0.0	0.0	0.0	1.0
1.0	0.0	0.0	0.0555555555556	0.944444444444	0.0	0.0	0.0	1.0
0.992248062016	0.0077519379845	0.0	1.0	0.0	0.0	1.0	0.0	0.0
0.396341463415	0.5	0.103658536585	0.0	1.0	0.0	0.0	0.0	0.0
0.661538461538	0.292307692308	0.0461538461538	0.771084337349	0.228915662651	0.0	0.941176470588	0.0588235294118	0.0
0.593495934959	0.365853658537	0.0406504065041	0.205128205128	0.564102564103	0.230769230769	0.0	0.666666666667	0.333333333333
0.901234567901	0.0864197530864	0.0123456790123	0.884057971014	0.115942028986	0.0	1.0	0.0	0.0
1.0	0.0	0.0	0.0	1.0	0.0	0.0	0.0	1.0
0.543624161074	0.38255033557	0.0738255033557	0.0	0.8	0.2	0.0	0.0	1.0
0.987654320988	0.0123456790123	0.0	0.0434782608696	0.95652173913	0.0	0.0	0.0	1.0
0.650602409639	0.277108433735	0.0722891566265	0.835820895522	0.164179104478	0.0	1.0	0.0	0.0
0.408	0.4	0.192	0.647058823529	0.352941176471	0.0	1.0	0.0	0.0
0.417721518987	0.443037974684	0.139240506329	0.629032258065	0.370967741935	0.0	1.0	0.0	0.0
0.833333333333	0.15625	0.0104166666667	0.0	0.948275862069	0.051724137931	0.0	0.0	1.0
0.85	0.15	0.0	0.914285714286	0.0857142857143	0.0	1.0	0.0	0.0
0.741496598639	0.21768707483	0.0408163265306	0.888888888889	0.111111111111	0.0	0.0	0.0	0.0
0.376	0.504	0.12	0.147058823529	0.5	0.352941176471	0.166666666667	0.333333333333	0.5
0.0188679245283	0.320754716981	0.660377358491	0.182926829268	0.817073170732	0.0	1.0	0.0	0.0
0.586956521739	0.326086956522	0.0869565217391	0.738095238095	0.261904761905	0.0	1.0	0.0	0.0
0.217741935484	0.5	0.282258064516	0.405405405405	0.594594594595	0.0	1.0	0.0	0.0
0.565217391304	0.326086956522	0.108695652174	0.678571428571	0.321428571429	0.0	1.0	0.0	0.0
0.457627118644	0.449152542373	0.0932203389831	0.0	0.714285714286	0.285714285714	0.0	0.0	1.0
1.0	0.0	0.0	0.0	1.0	0.0	0.0	0.0	1.0
0.666666666667	0.277777777778	0.0555555555556	0.831325301205	0.168674698795	0.0	1.0	0.0	0.0
0.270676691729	0.518796992481	0.210526315789	0.48275862069	0.51724137931	0.0	1.0	0.0	0.0
1.0	0.0	0.0	0.0	1.0	0.0	0.0	0.0	1.0
0.0566037735849	0.283018867925	0.660377358491	0.178571428571	0.821428571429	0.0	1.0	0.0	0.0
0.239130434783	0.521739130435	0.239130434783	0.511904761905	0.488095238095	0.0	1.0	0.0	0.0
1.0	0.0	0.0	0.6	0.4	0.0	0.454545454545	0.272727272727	0.272727272727
0.210526315789	0.518796992481	0.270676691729	0.48275862069	0.51724137931	0.0	1.0	0.0	0.0
0.577777777778	0.333333333333	0.0888888888889	0.702380952381	0.297619047619	0.0	1.0	0.0	0.0
0.760330578512	0.214876033058	0.0247933884298	0.925	0.075	0.0	1.0	0.0	0.0
0.323308270677	0.488721804511	0.187969924812	0.551724137931	0.448275862069	0.0	1.0	0.0	0.0
1.0	0.0	0.0	0.384615384615	0.615384615385	0.0	0.16	0.4	0.44
0.645833333333	0.3125	0.0416666666667	0.0	0.827586206897	0.172413793103	0.0	0.0	1.0
1.0	0.0	0.0	0.0	1.0	0.0	0.0	0.0	1.0
0.693548387097	0.258064516129	0.0483870967742	0.025641025641	0.807692307692	0.166666666667	0.0	0.0	1.0
0.511111111111	0.355555555556	0.133333333333	0.493670886076	0.379746835443	0.126582278481	0.682926829268	0.292682926829	0.0243902439024
0.533333333333	0.377777777778	0.0888888888889	0.655172413793	0.344827586207	0.0	1.0	0.0	0.0
0.47572815534	0.368932038835	0.155339805825	0.62962962963	0.37037037037	0.0	1.0	0.0	0.0
0.989010989011	0.010989010989	0.0	0.0	0.98275862069	0.0172413793103	0.0	0.0	1.0
0.533333333333	0.377777777778	0.0888888888889	0.655172413793	0.344827586207	0.0	1.0	0.0	0.0
0.47572815534	0.368932038835	0.155339805825	0.611111111111	0.388888888889	0.0	1.0	0.0	0.0
0.533333333333	0.377777777778	0.0888888888889	0.0	0.64406779661	0.35593220339	0.0	0.0	1.0
1.0	0.0	0.0	0.0833333333333	0.916666666667	0.0	0.0	0.0888888888889	0.911111111111
0.962962962963	0.037037037037	0.0	0.928571428571	0.0714285714286	0.0	1.0	0.0	0.0
0.329113924051	0.411392405063	0.259493670886	0.285714285714	0.714285714286	0.0	0.0	0.0	0.0
1.0	0.0	0.0	0.514285714286	0.485714285714	0.0	0.219512195122	0.536585365854	0.243902439024
0.747474747475	0.242424242424	0.010101010101	0.892857142857	0.107142857143	0.0	1.0	0.0	0.0
0.985074626866	0.0149253731343	0.0	1.0	0.0	0.0	1.0	0.0	0.0
0.331288343558	0.423312883436	0.245398773006	0.0	0.5	0.5	0.0	0.0	0.0
1.0	0.0	0.0	0.985714285714	0.0142857142857	0.0	0.975609756098	0.0243902439024	0.0
0.337423312883	0.435582822086	0.226993865031	0.0	0.5	0.5	0.0	0.0	0.0
1.0	0.0	0.0	0.513888888889	0.486111111111	0.0	0.289473684211	0.5	0.210526315789
0.533980582524	0.359223300971	0.106796116505	0.648148148148	0.351851851852	0.0	1.0	0.0	0.0
1.0	0.0	0.0	0.0178571428571	0.982142857143	0.0	0.0	0.0909090909091	0.909090909091
0.989898989899	0.010101010101	0.0	0.0	0.982142857143	0.0178571428571	0.0	0.0	1.0
0.979591836735	0.0204081632653	0.0	0.964285714286	0.0357142857143	0.0	1.0	0.0	0.0
1.0	0.0	0.0	0.0	1.0	0.0	0.0	0.0	0.0
0.583850931677	0.347826086957	0.0683229813665	0.5	0.5	0.0	0.0	0.0	0.0
1.0	0.0	0.0	0.0344827586207	0.965517241379	0.0	0.0	0.0909090909091	0.909090909091
0.551020408163	0.367346938776	0.0816326530612	0.0	0.649122807018	0.350877192982	0.0	0.0	1.0
1.0	0.0	0.0	0.493150684932	0.506849315068	0.0	0.236842105263	0.5	0.263157894737
0.989898989899	0.010101010101	0.0	0.0	1.0	0.0	0.0	0.0	1.0
0.969387755102	0.030612244898	0.0	0.947368421053	0.0526315789474	0.0	1.0	0.0	0.0
0.459119496855	0.427672955975	0.11320754717	0.333333333333	0.5	0.166666666667	0.0	0.0	0.0
0.706666666667	0.253333333333	0.04	0.87323943662	0.12676056338	0.0	1.0	0.0	0.0
0.485074626866	0.417910447761	0.0970149253731	0.75	0.25	0.0	0.666666666667	0.333333333333	0.0
0.329545454545	0.454545454545	0.215909090909	0.609375	0.359375	0.03125	1.0	0.0	0.0
0.925925925926	0.0740740740741	0.0	0.904761904762	0.0952380952381	0.0	1.0	0.0	0.0
0.424836601307	0.457516339869	0.117647058824	0.0	0.916666666667	0.0833333333333	0.0	0.0	0.0
1.0	0.0	0.0	0.320987654321	0.654320987654	0.0246913580247	0.0526315789474	0.368421052632	0.578947368421
0.847826086957	0.152173913043	0.0	0.933333333333	0.0666666666667	0.0	1.0	0.0	0.0
0.557823129252	0.367346938776	0.0748299319728	0.777777777778	0.222222222222	0.0	0.0	0.0	0.0
0.989583333333	0.0104166666667	0.0	0.0344827586207	0.965517241379	0.0	0.0	0.0	1.0
0.587628865979	0.371134020619	0.0412371134021	0.0	0.754385964912	0.245614035088	0.0	0.0	1.0
0.508771929825	0.350877192982	0.140350877193	0.645569620253	0.354430379747	0.0	1.0	0.0	0.0
0.605504587156	0.357798165138	0.0366972477064	0.770833333333	0.229166666667	0.0	1.0	0.0	0.0
0.666666666667	0.297297297297	0.036036036036	0.86	0.14	0.0	1.0	0.0	0.0
0.636363636364	0.314049586777	0.0495867768595	0.0	0.775	0.225	0.0	0.0	1.0
0.246753246753	0.493506493506	0.25974025974	0.420289855072	0.579710144928	0.0	1.0	0.0	0.0
0.522388059701	0.402985074627	0.0746268656716	0.782051282051	0.205128205128	0.0128205128205	1.0	0.0	0.0
0.26724137931	0.534482758621	0.198275862069	0.604651162791	0.395348837209	0.0	0.833333333333	0.166666666667	0.0
0.629032258065	0.290322580645	0.0806451612903	0.65	0.35	0.0	1.0	0.0	0.0
0.429824561404	0.447368421053	0.122807017544	0.826086956522	0.173913043478	0.0	1.0	0.0	0.0
0.652173913043	0.326086956522	0.0217391304348	0.898305084746	0.101694915254	0.0	1.0	0.0	0.0
0.472440944882	0.417322834646	0.110236220472	0.833333333333	0.166666666667	0.0	1.0	0.0	0.0
0.239130434783	0.510869565217	0.25	0.440677966102	0.559322033898	0.0	1.0	0.0	0.0
1.0	0.0	0.0	0.2125	0.7875	0.0	0.0	0.391304347826	0.608695652174
1.0	0.0	0.0	0.0833333333333	0.916666666667	0.0	0.0	0.0	1.0
0.164705882353	0.517647058824	0.317647058824	0.318181818182	0.681818181818	0.0	0.928571428571	0.0714285714286	0.0
0.458333333333	0.375	0.166666666667	0.522222222222	0.444444444444	0.0333333333333	0.814814814815	0.148148148148	0.037037037037
0.450549450549	0.472527472527	0.0769230769231	0.435483870968	0.467741935484	0.0967741935484	0.583333333333	0.333333333333	0.0833333333333
0.733333333333	0.266666666667	0.0	0.868421052632	0.131578947368	0.0	1.0	0.0	0.0
0.481481481481	0.42962962963	0.0888888888889	0.433333333333	0.566666666667	0.0	0.0	0.0	0.0
0.717948717949	0.25641025641	0.025641025641	0.933333333333	0.0666666666667	0.0	1.0	0.0	0.0
0.81884057971	0.18115942029	0.0	0.96	0.04	0.0	1.0	0.0	0.0
0.41726618705	0.474820143885	0.107913669065	0.615384615385	0.384615384615	0.0	0.0	0.0	0.0
0.743243243243	0.256756756757	0.0	0.868421052632	0.131578947368	0.0	1.0	0.0	0.0
0.411764705882	0.477941176471	0.110294117647	0.655172413793	0.344827586207	0.0	0.0	0.0	0.0
0.76	0.24	0.0	0.853333333333	0.146666666667	0.0	1.0	0.0	0.0
0.448529411765	0.455882352941	0.0955882352941	0.724137931034	0.275862068966	0.0	0.0	0.0	0.0
0.317073170732	0.524390243902	0.158536585366	0.557142857143	0.442857142857	0.0	1.0	0.0	0.0
0.846153846154	0.153846153846	0.0	0.878378378378	0.121621621622	0.0	1.0	0.0	0.0
0.416666666667	0.479166666667	0.104166666667	0.666666666667	0.333333333333	0.0	0.0	0.0	0.0
0.905405405405	0.0945945945946	0.0	0.460526315789	0.539473684211	0.0	0.2	0.533333333333	0.266666666667
1.0	0.0	0.0	0.339285714286	0.660714285714	0.0	0.25	0.5	0.25
0.328	0.504	0.168	0.538461538462	0.461538461538	0.0	1.0	0.0	0.0
0.269841269841	0.47619047619	0.253968253968	0.456790123457	0.543209876543	0.0	0.952380952381	0.047619047619	0.0
0.675675675676	0.297297297297	0.027027027027	0.92	0.08	0.0	1.0	0.0	0.0
0.251851851852	0.488888888889	0.259259259259	0.428571428571	0.571428571429	0.0	1.0	0.0	0.0
0.979166666667	0.0208333333333	0.0	0.268292682927	0.731707317073	0.0	0.0285714285714	0.457142857143	0.514285714286
0.585714285714	0.371428571429	0.0428571428571	0.74025974026	0.246753246753	0.012987012987	1.0	0.0	0.0
0.76724137931	0.206896551724	0.0258620689655	0.844444444444	0.155555555556	0.0	1.0	0.0	0.0
0.992366412214	0.0	0.00763358778626	0.0	1.0	0.0	0.0	0.0	1.0
0.576923076923	0.361538461538	0.0615384615385	0.0	0.612903225806	0.387096774194	0.0	0.0	1.0
1.0	0.0	0.0	0.727272727273	0.272727272727	0.0	0.458333333333	0.375	0.166666666667
1.0	0.0	0.0	0.0	1.0	0.0	0.0	0.0	1.0
0.39552238806	0.470149253731	0.134328358209	0.0	0.814814814815	0.185185185185	0.0	0.0	1.0
0.207547169811	0.452830188679	0.339622641509	0.388235294118	0.611764705882	0.0	1.0	0.0	0.0
1.0	0.0	0.0	0.986842105263	0.0131578947368	0.0	1.0	0.0	0.0
0.280487804878	0.530487804878	0.189024390244	0.0	1.0	0.0	0.0	0.0	0.0
1.0	0.0	0.0	0.772727272727	0.227272727273	0.0	0.645161290323	0.225806451613	0.129032258065
0.388059701493	0.5	0.111940298507	0.740740740741	0.259259259259	0.0	1.0	0.0	0.0
0.263157894737	0.5	0.236842105263	0.486486486486	0.513513513514	0.0	1.0	0.0	0.0
0.281690140845	0.507042253521	0.211267605634	0.486842105263	0.5	0.0131578947368	0.833333333333	0.166666666667	0.0
1.0	0.0	0.0	0.220779220779	0.779220779221	0.0	0.0	0.4375	0.5625
0.696629213483	0.292134831461	0.0112359550562	0.044776119403	0.820895522388	0.134328358209	0.0	0.0	1.0
0.646153846154	0.307692307692	0.0461538461538	0.802469135802	0.197530864198	0.0	1.0	0.0	0.0
0.84126984127	0.150793650794	0.00793650793651	0.888888888889	0.111111111111	0.0	1.0	0.0	0.0
0.432624113475	0.45390070922	0.113475177305	0.565217391304	0.434782608696	0.0	1.0	0.0	0.0
0.213333333333	0.506666666667	0.28	0.405405405405	0.594594594595	0.0	1.0	0.0	0.0
0.725806451613	0.225806451613	0.0483870967742	0.829268292683	0.170731707317	0.0	1.0	0.0	0.0
0.880597014925	0.111940298507	0.00746268656716	0.892857142857	0.107142857143	0.0	1.0	0.0	0.0
0.815068493151	0.164383561644	0.0205479452055	0.833333333333	0.166666666667	0.0	1.0	0.0	0.0
0.392592592593	0.474074074074	0.133333333333	0.518518518519	0.481481481481	0.0	1.0	0.0	0.0
0.985714285714	0.0142857142857	0.0	0.012987012987	0.987012987013	0.0	0.0	0.0555555555556	0.944444444444
0.728571428571	0.271428571429	0.0	0.833333333333	0.153846153846	0.0128205128205	0.764705882353	0.235294117647	0.0
0.821705426357	0.170542635659	0.0077519379845	0.857142857143	0.142857142857	0.0	1.0	0.0	0.0
0.481751824818	0.452554744526	0.0656934306569	0.703703703704	0.296296296296	0.0	1.0	0.0	0.0
0.186046511628	0.453488372093	0.360465116279	0.242857142857	0.742857142857	0.0142857142857	1.0	0.0	0.0
0.190476190476	0.357142857143	0.452380952381	0.472527472527	0.516483516484	0.010989010989	1.0	0.0	0.0
0.385542168675	0.518072289157	0.0963855421687	0.758064516129	0.241935483871	0.0	0.95	0.05	0.0
1.0	0.0	0.0	0.576271186441	0.423728813559	0.0	0.25	0.625	0.125
0.828358208955	0.15671641791	0.0149253731343	0.0333333333333	0.8	0.166666666667	0.0	0.0	1.0
0.258928571429	0.464285714286	0.276785714286	0.488888888889	0.466666666667	0.0444444444444	0.75	0.125	0.125
0.456140350877	0.456140350877	0.0877192982456	0.797297297297	0.202702702703	0.0	0.970588235294	0.0294117647059	0.0
0.64406779661	0.313559322034	0.0423728813559	0.0	0.904761904762	0.0952380952381	0.2	0.0	0.8
0.87012987013	0.12987012987	0.0	0.786666666667	0.213333333333	0.0	0.846153846154	0.153846153846	0.0
0.372262773723	0.445255474453	0.182481751825	0.785714285714	0.214285714286	0.0	0.0	0.0	0.0
0.890410958904	0.109589041096	0.0	0.910447761194	0.089552238806	0.0	1.0	0.0	0.0
0.675496688742	0.284768211921	0.0397350993377	0.0	0.928571428571	0.0714285714286	0.0	0.0	0.0
0.833333333333	0.166666666667	0.0	0.839285714286	0.160714285714	0.0	1.0	0.0	0.0
0.294964028777	0.503597122302	0.201438848921	0.0	0.846153846154	0.153846153846	0.0	0.0	0.0
1.0	0.0	0.0	0.728260869565	0.271739130435	0.0	0.4375	0.40625	0.15625
0.33606557377	0.549180327869	0.114754098361	0.0	0.657894736842	0.342105263158	0.0	0.0	1.0
0.926829268293	0.0731707317073	0.0	0.0217391304348	0.967391304348	0.0108695652174	0.0	0.0	1.0
1.0	0.0	0.0	0.597826086957	0.402173913043	0.0	0.272727272727	0.545454545455	0.181818181818
0.990384615385	0.00961538461538	0.0	0.0181818181818	0.981818181818	0.0	0.0	0.0	1.0
0.990384615385	0.00961538461538	0.0	0.0181818181818	0.981818181818	0.0	0.0	0.0	1.0
1.0	0.0	0.0	0.0	1.0	0.0	0.0	0.0	1.0
0.778846153846	0.221153846154	0.0	0.945454545455	0.0545454545455	0.0	1.0	0.0	0.0
0.89928057554	0.0935251798561	0.00719424460432	0.961538461538	0.0384615384615	0.0	0.0	0.0	0.0
0.726666666667	0.24	0.0333333333333	0.0	0.857142857143	0.142857142857	0.0	0.0	1.0
0.981651376147	0.0183486238532	0.0	1.0	0.0	0.0	1.0	0.0	0.0
0.239263803681	0.558282208589	0.20245398773	0.0	1.0	0.0	0.0	0.0	0.0
1.0	0.0	0.0	0.763440860215	0.236559139785	0.0	0.878787878788	0.121212121212	0.0
0.58273381295	0.374100719424	0.0431654676259	0.884615384615	0.115384615385	0.0	0.0	0.0	0.0
0.980769230769	0.0192307692308	0.0	0.0	1.0	0.0	0.0	0.0	1.0
1.0	0.0	0.0	0.0	1.0	0.0	0.0	0.0	1.0
0.382352941176	0.529411764706	0.0882352941176	0.684210526316	0.315789473684	0.0	1.0	0.0	0.0
0.488095238095	0.440476190476	0.0714285714286	0.75	0.25	0.0	1.0	0.0	0.0
1.0	0.0	0.0	0.0	1.0	0.0	0.0	0.0	1.0
1.0	0.0	0.0	0.0	1.0	0.0	0.0	0.0	1.0
0.586538461538	0.336538461538	0.0769230769231	0.0181818181818	0.709090909091	0.272727272727	0.0	0.0	1.0
1.0	0.0	0.0	0.0	1.0	0.0	0.0	0.0	1.0
0.967741935484	0.0322580645161	0.0	0.0675675675676	0.932432432432	0.0	0.0	0.172413793103	0.827586206897
0.692307692308	0.276923076923	0.0307692307692	0.894736842105	0.105263157895	0.0	0.958333333333	0.0416666666667	0.0
0.654411764706	0.330882352941	0.0147058823529	0.851851851852	0.148148148148	0.0	1.0	0.0	0.0
0.315789473684	0.491228070175	0.19298245614	0.142857142857	0.469387755102	0.387755102041	0.0	0.5	0.5
0.162790697674	0.441860465116	0.395348837209	0.35	0.5125	0.1375	0.47619047619	0.47619047619	0.047619047619
0.763636363636	0.236363636364	0.0	0.0	0.9125	0.0875	0.0	0.0333333333333	0.966666666667
1.0	0.0	0.0	0.712643678161	0.287356321839	0.0	0.527777777778	0.361111111111	0.111111111111
0.520325203252	0.357723577236	0.121951219512	0.815789473684	0.184210526316	0.0	1.0	0.0	0.0
0.262626262626	0.535353535354	0.20202020202	0.549019607843	0.450980392157	0.0	1.0	0.0	0.0
0.260869565217	0.463768115942	0.275362318841	0.381578947368	0.618421052632	0.0	1.0	0.0	0.0
0.970149253731	0.0298507462687	0.0	0.139240506329	0.848101265823	0.0126582278481	0.0	0.315789473684	0.684210526316
0.828947368421	0.171052631579	0.0	0.893333333333	0.106666666667	0.0	1.0	0.0	0.0
0.444444444444	0.465277777778	0.0902777777778	0.619047619048	0.380952380952	0.0	0.0	0.0	0.0
0.857142857143	0.142857142857	0.0	0.0	0.92	0.08	0.0	0.0	1.0
0.166666666667	0.545454545455	0.287878787879	0.4125	0.5875	0.0	1.0	0.0	0.0
0.888888888889	0.111111111111	0.0	0.614457831325	0.385542168675	0.0	0.105263157895	0.684210526316	0.210526315789
0.440366972477	0.495412844037	0.0642201834862	0.0	0.673076923077	0.326923076923	0.0	0.0	1.0
0.479166666667	0.416666666667	0.104166666667	0.786516853933	0.213483146067	0.0	1.0	0.0	0.0
0.454545454545	0.454545454545	0.0909090909091	0.794871794872	0.205128205128	0.0	1.0	0.0	0.0
0.307692307692	0.516483516484	0.175824175824	0.396825396825	0.603174603175	0.0	1.0	0.0	0.0
1.0	0.0	0.0	0.0470588235294	0.952941176471	0.0	0.0	0.0625	0.9375
0.764705882353	0.235294117647	0.0	0.90243902439	0.0975609756098	0.0	1.0	0.0	0.0
0.368794326241	0.539007092199	0.0921985815603	0.666666666667	0.333333333333	0.0	0.0	0.0	0.0
1.0	0.0	0.0	0.0	0.988095238095	0.0119047619048	0.0	0.0	1.0
0.823529411765	0.176470588235	0.0	0.915662650602	0.0843373493976	0.0	1.0	0.0	0.0
0.390410958904	0.513698630137	0.0958904109589	0.578947368421	0.421052631579	0.0	0.0	0.0	0.0
0.882352941176	0.117647058824	0.0	0.903614457831	0.0963855421687	0.0	1.0	0.0	0.0
0.979865771812	0.0201342281879	0.0	0.375	0.625	0.0	0.0	0.0	0.0
0.388157894737	0.480263157895	0.131578947368	0.0	0.769230769231	0.230769230769	0.0	0.0	0.0
0.576271186441	0.372881355932	0.0508474576271	0.698795180723	0.301204819277	0.0	1.0	0.0	0.0
0.269565217391	0.434782608696	0.295652173913	0.553191489362	0.446808510638	0.0	1.0	0.0	0.0
1.0	0.0	0.0	0.0	1.0	0.0	0.0	0.0	1.0
0.516666666667	0.433333333333	0.05	0.69014084507	0.30985915493	0.0	0.970588235294	0.0294117647059	0.0
0.575221238938	0.336283185841	0.0884955752212	0.69387755102	0.30612244898	0.0	1.0	0.0	0.0
0.950980392157	0.0490196078431	0.0	0.0566037735849	0.924528301887	0.0188679245283	0.0	0.0	1.0
0.65	0.31	0.04	0.777777777778	0.222222222222	0.0	1.0	0.0	0.0
0.559322033898	0.35593220339	0.0847457627119	0.697674418605	0.302325581395	0.0	1.0	0.0	0.0
1.0	0.0	0.0	0.781818181818	0.218181818182	0.0	0.8	0.2	0.0
0.331125827815	0.483443708609	0.185430463576	0.0	0.428571428571	0.571428571429	0.0	0.0	0.0
0.48	0.36	0.16	0.670886075949	0.329113924051	0.0	1.0	0.0	0.0
1.0	0.0	0.0	0.0	1.0	0.0	0.0	0.0	1.0
0.327433628319	0.486725663717	0.185840707965	0.613636363636	0.386363636364	0.0	1.0	0.0	0.0
1.0	0.0	0.0	0.0	1.0	0.0	0.0	0.0	1.0
0.319444444444	0.555555555556	0.125	0.597222222222	0.402777777778	0.0	1.0	0.0	0.0
0.977011494253	0.0229885057471	0.0	0.971014492754	0.0289855072464	0.0	1.0	0.0	0.0
0.683229813665	0.285714285714	0.0310559006211	1.0	0.0	0.0	0.0	0.0	0.0
0.657894736842	0.315789473684	0.0263157894737	0.695652173913	0.304347826087	0.0	1.0	0.0	0.0
0.482142857143	0.392857142857	0.125	0.0	0.58	0.42	0.0	0.0	1.0
0.944444444444	0.0555555555556	0.0	0.986301369863	0.013698630137	0.0	1.0	0.0	0.0
0.931677018634	0.0683229813665	0.0	1.0	0.0	0.0	0.0	0.0	0.0
0.376623376623	0.487012987013	0.136363636364	0.0	0.727272727273	0.272727272727	0.0	0.0	0.0
0.51724137931	0.431034482759	0.051724137931	0.686746987952	0.313253012048	0.0	1.0	0.0	0.0
0.306306306306	0.513513513514	0.18018018018	0.607843137255	0.392156862745	0.0	1.0	0.0	0.0
0.955882352941	0.0441176470588	0.0	0.0	1.0	0.0	0.0	0.0	1.0
1.0	0.0	0.0	0.05	0.95	0.0	0.0	0.0	1.0
0.95652173913	0.0434782608696	0.0	0.0	0.973684210526	0.0263157894737	0.0	0.0	1.0
0.257575757576	0.530303030303	0.212121212121	0.441558441558	0.532467532468	0.025974025974	1.0	0.0	0.0
0.191780821918	0.493150684932	0.315068493151	0.421052631579	0.552631578947	0.0263157894737	1.0	0.0	0.0
0.274193548387	0.532258064516	0.193548387097	0.512820512821	0.487179487179	0.0	1.0	0.0	0.0
0.121951219512	0.548780487805	0.329268292683	0.352112676056	0.647887323944	0.0	1.0	0.0	0.0
1.0	0.0	0.0	0.450549450549	0.549450549451	0.0	0.0740740740741	0.444444444444	0.481481481481
0.911111111111	0.0888888888889	0.0	0.0	0.967741935484	0.0322580645161	0.0	0.0	1.0
0.987804878049	0.0121951219512	0.0	0.0	1.0	0.0	0.0	0.0	1.0
1.0	0.0	0.0	0.130434782609	0.869565217391	0.0	0.0	0.133333333333	0.866666666667
0.866666666667	0.122222222222	0.0111111111111	0.0	0.91935483871	0.0806451612903	0.0	0.0	1.0
0.628205128205	0.333333333333	0.0384615384615	0.779411764706	0.220588235294	0.0	1.0	0.0	0.0
1.0	0.0	0.0	0.0487804878049	0.951219512195	0.0	0.0	0.0	1.0
0.577235772358	0.349593495935	0.0731707317073	0.512820512821	0.410256410256	0.0769230769231	1.0	0.0	0.0
0.648936170213	0.287234042553	0.063829787234	0.322033898305	0.593220338983	0.0847457627119	0.5	0.25	0.25
0.96511627907	0.0348837209302	0.0	0.953846153846	0.0461538461538	0.0	1.0	0.0	0.0
0.572327044025	0.333333333333	0.0943396226415	1.0	0.0	0.0	0.0	0.0	0.0
0.340206185567	0.505154639175	0.154639175258	0.433962264151	0.415094339623	0.150943396226	0.4	0.533333333333	0.0666666666667
0.983870967742	0.0161290322581	0.0	0.582278481013	0.417721518987	0.0	0.25	0.333333333333	0.416666666667
0.16814159292	0.469026548673	0.362831858407	0.357142857143	0.642857142857	0.0	1.0	0.0	0.0
0.909090909091	0.0909090909091	0.0	0.925	0.075	0.0	1.0	0.0	0.0
0.329032258065	0.41935483871	0.251612903226	0.4	0.6	0.0	0.0	0.0	0.0
0.836363636364	0.163636363636	0.0	0.788732394366	0.211267605634	0.0	1.0	0.0	0.0
0.496453900709	0.375886524823	0.127659574468	0.708333333333	0.291666666667	0.0	0.0	0.0	0.0
0.804597701149	0.195402298851	0.0	0.883333333333	0.116666666667	0.0	1.0	0.0	0.0
0.787234042553	0.184397163121	0.0283687943262	0.916666666667	0.0833333333333	0.0	0.0	0.0	0.0
0.375939849624	0.413533834586	0.210526315789	0.0	0.464285714286	0.535714285714	0.0	0.0	1.0
0.98	0.02	0.0	0.0	1.0	0.0	0.0	0.0425531914894	0.957446808511
0.591836734694	0.30612244898	0.102040816327	0.366197183099	0.521126760563	0.112676056338	0.4	0.422222222222	0.177777777778
0.986301369863	0.013698630137	0.0	0.12676056338	0.859154929577	0.0140845070423	0.0	0.238095238095	0.761904761905
0.79012345679	0.185185185185	0.0246913580247	0.0298507462687	0.835820895522	0.134328358209	0.0	0.0	1.0
0.848484848485	0.136363636364	0.0151515151515	0.0140845070423	0.985915492958	0.0	0.0	0.0	1.0
0.122807017544	0.421052631579	0.456140350877	0.303797468354	0.582278481013	0.113924050633	0.724137931034	0.241379310345	0.0344827586207
0.884615384615	0.115384615385	0.0	0.012987012987	0.909090909091	0.0779220779221	0.0	0.0277777777778	0.972222222222
0.234042553191	0.404255319149	0.36170212766	0.402597402597	0.597402597403	0.0	0.975609756098	0.0243902439024	0.0
0.134146341463	0.378048780488	0.487804878049	0.287878787879	0.69696969697	0.0151515151515	1.0	0.0	0.0
1.0	0.0	0.0	0.116883116883	0.87012987013	0.012987012987	0.0	0.219512195122	0.780487804878
0.392857142857	0.410714285714	0.196428571429	0.644736842105	0.355263157895	0.0	1.0	0.0	0.0
0.211538461538	0.461538461538	0.326923076923	0.46	0.54	0.0	1.0	0.0	0.0
0.732142857143	0.232142857143	0.0357142857143	0.893333333333	0.106666666667	0.0	1.0	0.0	0.0
0.514084507042	0.415492957746	0.0704225352113	0.666666666667	0.333333333333	0.0	1.0	0.0	0.0
0.943820224719	0.0561797752809	0.0	0.893939393939	0.106060606061	0.0	0.9	0.1	0.0
0.986842105263	0.0131578947368	0.0	0.0769230769231	0.923076923077	0.0	0.0	0.0	0.0
0.344370860927	0.509933774834	0.145695364238	0.5	0.5	0.0	0.0	0.0	0.0
0.898305084746	0.101694915254	0.0	0.821428571429	0.178571428571	0.0	0.772727272727	0.227272727273	0.0
0.985611510791	0.0143884892086	0.0	0.346153846154	0.653846153846	0.0	0.0	0.0	0.0
0.828767123288	0.171232876712	0.0	0.789473684211	0.210526315789	0.0	0.0	0.0	0.0
0.183823529412	0.514705882353	0.301470588235	0.448275862069	0.551724137931	0.0	0.0	0.0	0.0
0.0	0.0263157894737	0.973684210526	0.0	1.0	0.0	1.0	0.0	0.0
0.0	0.121951219512	0.878048780488	0.126436781609	0.873563218391	0.0	1.0	0.0	0.0
0.833333333333	0.166666666667	0.0	0.950617283951	0.0493827160494	0.0	0.888888888889	0.111111111111	0.0
0.335570469799	0.48322147651	0.181208053691	0.375	0.3125	0.3125	0.0	0.0	0.0
0.196428571429	0.482142857143	0.321428571429	0.428571428571	0.441558441558	0.12987012987	0.40625	0.46875	0.125
0.631578947368	0.333333333333	0.0350877192982	0.723684210526	0.276315789474	0.0	1.0	0.0	0.0
0.69918699187	0.252032520325	0.0487804878049	0.775	0.225	0.0	1.0	0.0	0.0
0.983193277311	0.0168067226891	0.0	0.2	0.8	0.0	0.166666666667	0.0	0.833333333333
0.984126984127	0.015873015873	0.0	0.382352941176	0.617647058824	0.0	0.0	0.8	0.2
0.598540145985	0.357664233577	0.043795620438	0.740740740741	0.259259259259	0.0	1.0	0.0	0.0
0.592233009709	0.368932038835	0.0388349514563	0.428571428571	0.5	0.0714285714286	0.833333333333	0.166666666667	0.0
1.0	0.0	0.0	0.805970149254	0.194029850746	0.0	0.625	0.375	0.0
0.838926174497	0.147651006711	0.0134228187919	1.0	0.0	0.0	0.0	0.0	0.0
0.843971631206	0.156028368794	0.0	0.0	1.0	0.0	0.0	0.0	1.0
1.0	0.0	0.0	0.954545454545	0.0454545454545	0.0	0.0	1.0	0.0
0.83850931677	0.16149068323	0.0	0.25	0.75	0.0	0.0	0.0	0.0
0.867647058824	0.132352941176	0.0	0.551724137931	0.448275862069	0.0	0.0	0.0	0.0
0.925373134328	0.0746268656716	0.0	0.645161290323	0.354838709677	0.0	0.0	0.0	0.0
0.798611111111	0.201388888889	0.0	0.380952380952	0.619047619048	0.0	0.0	0.0	0.0
0.747967479675	0.243902439024	0.00813008130081	0.0238095238095	0.833333333333	0.142857142857	0.0	0.0	0.0
0.989247311828	0.0	0.010752688172	0.0	1.0	0.0	0.0	0.0	1.0
0.673913043478	0.304347826087	0.0217391304348	0.0153846153846	0.861538461538	0.123076923077	0.125	0.25	0.625
0.96875	0.03125	0.0	0.0	0.988372093023	0.0116279069767	0.0	0.0666666666667	0.933333333333
1.0	0.0	0.0	0.0	1.0	0.0	0.0	0.0	1.0
1.0	0.0	0.0	0.579545454545	0.420454545455	0.0	0.533333333333	0.4	0.0666666666667
0.495867768595	0.421487603306	0.0826446280992	0.860465116279	0.139534883721	0.0	1.0	0.0	0.0
0.989795918367	0.0102040816327	0.0	1.0	0.0	0.0	1.0	0.0	0.0
0.292682926829	0.5	0.207317073171	0.0	1.0	0.0	0.0	0.0	0.0
0.25	0.604166666667	0.145833333333	0.590361445783	0.385542168675	0.0240963855422	0.764705882353	0.235294117647	0.0
0.137931034483	0.574712643678	0.287356321839	0.507246376812	0.492753623188	0.0	1.0	0.0	0.0
0.982142857143	0.0178571428571	0.0	0.0	1.0	0.0	0.0	0.0	1.0
0.8	0.181818181818	0.0181818181818	0.752941176471	0.247058823529	0.0	0.88	0.12	0.0
0.838461538462	0.161538461538	0.0	0.323529411765	0.617647058824	0.0588235294118	0.0	1.0	0.0
1.0	0.0	0.0	0.790697674419	0.209302325581	0.0	1.0	0.0	0.0
0.602564102564	0.339743589744	0.0576923076923	0.222222222222	0.777777777778	0.0	0.0	0.0	0.0
0.8125	0.177083333333	0.0104166666667	0.316666666667	0.666666666667	0.0166666666667	0.0	0.333333333333	0.666666666667
0.762886597938	0.237113402062	0.0	0.0166666666667	0.9	0.0833333333333	0.0	0.0	1.0
0.986666666667	0.0133333333333	0.0	0.298701298701	0.701298701299	0.0	0.0	0.384615384615	0.615384615385
0.989690721649	0.0103092783505	0.0	0.35	0.65	0.0	0.125	0.75	0.125
0.796610169492	0.203389830508	0.0	0.0217391304348	0.913043478261	0.0652173913043	0.0	0.0	1.0
0.978947368421	0.0210526315789	0.0	0.378787878788	0.621212121212	0.0	0.0	0.75	0.25
0.779661016949	0.220338983051	0.0	0.0652173913043	0.869565217391	0.0652173913043	0.0	0.0	1.0
1.0	0.0	0.0	0.378787878788	0.621212121212	0.0	0.0	0.75	0.25
0.758333333333	0.241666666667	0.0	0.0	0.931818181818	0.0681818181818	0.0	0.0	1.0
1.0	0.0	0.0	0.642857142857	0.357142857143	0.0	0.25	0.75	0.0
0.729927007299	0.255474452555	0.014598540146	0.0	0.928571428571	0.0714285714286	0.0	0.0	0.0
0.34	0.5	0.16	0.311475409836	0.491803278689	0.196721311475	0.0	0.75	0.25
1.0	0.0	0.0	0.975903614458	0.0240963855422	0.0	1.0	0.0	0.0
0.576687116564	0.368098159509	0.0552147239264	0.5	0.5	0.0	0.0	0.0	0.0
0.505263157895	0.378947368421	0.115789473684	0.196721311475	0.524590163934	0.27868852459	0.111111111111	0.666666666667	0.222222222222
0.786885245902	0.213114754098	0.0	0.0	0.918918918919	0.0810810810811	0.0	0.0	1.0
0.4375	0.520833333333	0.0416666666667	0.691358024691	0.271604938272	0.037037037037	0.722222222222	0.25	0.0277777777778
0.359223300971	0.446601941748	0.194174757282	0.464285714286	0.410714285714	0.125	0.5	0.5	0.0
0.19696969697	0.606060606061	0.19696969697	0.263888888889	0.513888888889	0.222222222222	0.296296296296	0.62962962963	0.0740740740741
0.975	0.025	0.0	0.0	0.978723404255	0.0212765957447	0.0	0.0322580645161	0.967741935484
1.0	0.0	0.0	0.989361702128	0.0106382978723	0.0	0.9375	0.0625	0.0
0.777777777778	0.197530864198	0.0246913580247	0.666666666667	0.333333333333	0.0	0.0	0.0	0.0
0.2890625	0.546875	0.1640625	0.636363636364	0.363636363636	0.0	1.0	0.0	0.0
1.0	0.0	0.0	0.0243902439024	0.975609756098	0.0	0.0	0.047619047619	0.952380952381
0.71875	0.28125	0.0	0.0493827160494	0.864197530864	0.0864197530864	0.0	0.1	0.9
0.84	0.16	0.0	0.0222222222222	0.833333333333	0.144444444444	0.0	0.0	1.0
0.0227272727273	0.0909090909091	0.886363636364	0.0843373493976	0.89156626506	0.0240963855422	1.0	0.0	0.0
0.804347826087	0.173913043478	0.0217391304348	0.782051282051	0.192307692308	0.025641025641	0.560975609756	0.414634146341	0.0243902439024
0.98347107438	0.0165289256198	0.0	0.1	0.9	0.0	0.0	0.0	1.0
1.0	0.0	0.0	0.0	1.0	0.0	0.0	0.0	1.0
1.0	0.0	0.0	0.0	1.0	0.0	0.0	0.0	1.0
1.0	0.0	0.0	0.0	1.0	0.0	0.0	0.0	1.0
1.0	0.0	0.0	0.631578947368	0.368421052632	0.0	0.25	0.5	0.25
0.452702702703	0.459459459459	0.0878378378378	0.9375	0.0625	0.0	1.0	0.0	0.0
0.518072289157	0.433734939759	0.0481927710843	0.130434782609	0.68115942029	0.188405797101	0.0	0.153846153846	0.846153846154
0.980769230769	0.0192307692308	0.0	0.117647058824	0.858823529412	0.0235294117647	0.0714285714286	0.214285714286	0.714285714286
0.507936507937	0.380952380952	0.111111111111	0.45	0.4375	0.1125	0.454545454545	0.454545454545	0.0909090909091
0.230769230769	0.474358974359	0.294871794872	0.376811594203	0.608695652174	0.0144927536232	0.777777777778	0.222222222222	0.0
0.51724137931	0.396551724138	0.0862068965517	0.301204819277	0.530120481928	0.168674698795	0.166666666667	0.666666666667	0.166666666667
0.915254237288	0.0847457627119	0.0	0.951807228916	0.0481927710843	0.0	1.0	0.0	0.0
1.0	0.0	0.0	0.0	1.0	0.0	0.0	0.0	0.0
1.0	0.0	0.0	0.222222222222	0.777777777778	0.0	0.0	0.0	0.0
0.284810126582	0.550632911392	0.164556962025	0.714285714286	0.285714285714	0.0	0.0	0.0	0.0
0.02	0.48	0.5	0.269662921348	0.674157303371	0.0561797752809	0.769230769231	0.230769230769	0.0
0.0888888888889	0.866666666667	0.0444444444444	0.477777777778	0.522222222222	0.0	1.0	0.0	0.0
0.935064935065	0.0649350649351	0.0	0.0232558139535	0.906976744186	0.0697674418605	0.0	0.0	1.0
1.0	0.0	0.0	0.987951807229	0.0120481927711	0.0	1.0	0.0	0.0
0.932926829268	0.0670731707317	0.0	1.0	0.0	0.0	0.0	0.0	0.0
0.266233766234	0.571428571429	0.162337662338	0.636363636364	0.363636363636	0.0	0.0	0.0	0.0
1.0	0.0	0.0	0.0217391304348	0.95652173913	0.0217391304348	0.04	0.12	0.84
0.921568627451	0.0392156862745	0.0392156862745	0.0	0.978021978022	0.021978021978	0.0	0.0869565217391	0.913043478261
0.872340425532	0.127659574468	0.0	0.870967741935	0.129032258065	0.0	1.0	0.0	0.0
0.285714285714	0.52380952381	0.190476190476	0.333333333333	0.666666666667	0.0	0.0	0.0	0.0
0.979166666667	0.0208333333333	0.0	0.977528089888	0.0224719101124	0.0	1.0	0.0	0.0
0.253086419753	0.549382716049	0.197530864198	0.333333333333	0.666666666667	0.0	0.0	0.0	0.0
0.5	0.380952380952	0.119047619048	0.43956043956	0.43956043956	0.120879120879	0.40625	0.46875	0.125
0.243243243243	0.513513513514	0.243243243243	0.464788732394	0.535211267606	0.0	0.95	0.05	0.0
0.657142857143	0.3	0.0428571428571	0.792207792208	0.207792207792	0.0	1.0	0.0	0.0
0.384	0.488	0.128	0.594594594595	0.405405405405	0.0	1.0	0.0	0.0
0.657534246575	0.301369863014	0.041095890411	0.815789473684	0.184210526316	0.0	1.0	0.0	0.0
1.0	0.0	0.0	0.0277777777778	0.972222222222	0.0	0.0	0.0	1.0
0.992125984252	0.00787401574803	0.0	0.0	1.0	0.0	0.0	0.0	1.0
0.992063492063	0.00793650793651	0.0	0.0	1.0	0.0	0.666666666667	0.0	0.333333333333
0.354330708661	0.503937007874	0.141732283465	0.0	0.594594594595	0.405405405405	0.0	0.0	1.0
0.933333333333	0.0666666666667	0.0	0.0	1.0	0.0	0.0	0.0	1.0
1.0	0.0	0.0	0.404494382022	0.584269662921	0.0112359550562	0.235294117647	0.411764705882	0.352941176471
0.488372093023	0.418604651163	0.093023255814	0.0	0.772727272727	0.227272727273	0.0	0.0	1.0
1.0	0.0	0.0	0.965517241379	0.0344827586207	0.0	1.0	0.0	0.0
1.0	0.0	0.0	0.0	1.0	0.0	0.0	0.0	0.0
1.0	0.0	0.0	0.0	1.0	0.0	0.0	0.0	0.0
1.0	0.0	0.0	0.0	1.0	0.0	0.0	0.0	0.0
1.0	0.0	0.0	0.0	1.0	0.0	0.0	0.0	0.0
0.259259259259	0.518518518519	0.222222222222	0.0	1.0	0.0	0.0	0.0	0.0
1.0	0.0	0.0	0.425287356322	0.574712643678	0.0	0.222222222222	0.416666666667	0.361111111111
0.51724137931	0.379310344828	0.103448275862	0.753846153846	0.246153846154	0.0	1.0	0.0	0.0
0.420560747664	0.476635514019	0.102803738318	0.122448979592	0.69387755102	0.183673469388	0.111111111111	0.333333333333	0.555555555556
0.153846153846	0.461538461538	0.384615384615	0.352272727273	0.488636363636	0.159090909091	0.44	0.44	0.12
1.0	0.0	0.0	0.474358974359	0.525641025641	0.0	0.324324324324	0.486486486486	0.189189189189
1.0	0.0	0.0	0.0	1.0	0.0	0.0	0.0	1.0
0.767676767677	0.212121212121	0.020202020202	0.898305084746	0.101694915254	0.0	1.0	0.0	0.0
1.0	0.0	0.0	0.62962962963	0.37037037037	0.0	0.5	0.5	0.0
0.883116883117	0.11038961039	0.00649350649351	0.909090909091	0.0909090909091	0.0	0.0	0.0	0.0
0.931506849315	0.0684931506849	0.0	0.944444444444	0.0555555555556	0.0	1.0	0.0	0.0
0.883116883117	0.11038961039	0.00649350649351	0.909090909091	0.0909090909091	0.0	0.0	0.0	0.0
0.897260273973	0.102739726027	0.0	0.0	0.944444444444	0.0555555555556	0.0	0.0	1.0
1.0	0.0	0.0	0.0625	0.9375	0.0	0.0	0.0	1.0
1.0	0.0	0.0	0.433333333333	0.566666666667	0.0	0.0	0.5	0.5
0.897260273973	0.102739726027	0.0	0.0	0.944444444444	0.0555555555556	0.0	0.0	1.0
1.0	0.0	0.0	0.0	1.0	0.0	0.0	0.0	1.0
1.0	0.0	0.0	0.0	1.0	0.0	0.0	0.0	1.0
0.992366412214	0.00763358778626	0.0	0.59375	0.40625	0.0	0.5	0.5	0.0
0.866666666667	0.126666666667	0.00666666666667	0.0666666666667	0.866666666667	0.0666666666667	0.0	0.0	0.0
0.18320610687	0.557251908397	0.259541984733	0.375	0.625	0.0	1.0	0.0	0.0
0.710526315789	0.263157894737	0.0263157894737	0.827956989247	0.172043010753	0.0	0.970588235294	0.0294117647059	0.0
0.664233576642	0.284671532847	0.0510948905109	0.777777777778	0.222222222222	0.0	1.0	0.0	0.0
0.858407079646	0.141592920354	0.0	0.888888888889	0.111111111111	0.0	1.0	0.0	0.0
0.763888888889	0.236111111111	0.0	0.0	0.761904761905	0.238095238095	0.0	0.0	0.0
0.3	0.427272727273	0.272727272727	0.38	0.48	0.14	0.0	0.8	0.2
0.788461538462	0.211538461538	0.0	0.773333333333	0.226666666667	0.0	1.0	0.0	0.0
1.0	0.0	0.0	0.0	1.0	0.0	0.0	0.0	0.0
0.992700729927	0.00729927007299	0.0	1.0	0.0	0.0	0.0	0.0	0.0
0.786585365854	0.213414634146	0.0	1.0	0.0	0.0	0.0	0.0	0.0
0.923076923077	0.0769230769231	0.0	0.914285714286	0.0857142857143	0.0	0.0	0.0	0.0
0.993421052632	0.00657894736842	0.0	0.0	1.0	0.0	0.0	0.0	0.0
0.649006622517	0.311258278146	0.0397350993377	0.928571428571	0.0714285714286	0.0	0.0	0.0	0.0
0.72972972973	0.27027027027	0.0	0.0	0.895833333333	0.104166666667	0.0	0.0	1.0
0.925925925926	0.0740740740741	0.0	0.986301369863	0.013698630137	0.0	1.0	0.0	0.0
0.924050632911	0.0759493670886	0.0	1.0	0.0	0.0	0.0	0.0	0.0
0.816993464052	0.176470588235	0.00653594771242	0.833333333333	0.166666666667	0.0	0.0	0.0	0.0
0.925925925926	0.0740740740741	0.0	0.931034482759	0.0689655172414	0.0	1.0	0.0	0.0
0.398692810458	0.490196078431	0.111111111111	0.666666666667	0.333333333333	0.0	0.0	0.0	0.0
0.927536231884	0.0724637681159	0.0	0.139240506329	0.835443037975	0.0253164556962	0.0	0.176470588235	0.823529411765
0.853333333333	0.146666666667	0.0	0.0	0.905405405405	0.0945945945946	0.0	0.0	1.0
0.1875	0.390625	0.421875	0.371794871795	0.628205128205	0.0	1.0	0.0	0.0
0.34375	0.46875	0.1875	0.608108108108	0.378378378378	0.0135135135135	0.962962962963	0.037037037037	0.0
0.58064516129	0.354838709677	0.0645161290323	0.71186440678	0.28813559322	0.0	1.0	0.0	0.0
1.0	0.0	0.0	0.2	0.8	0.0	0.0	0.166666666667	0.833333333333
0.764705882353	0.210084033613	0.0252100840336	0.926829268293	0.0731707317073	0.0	1.0	0.0	0.0
1.0	0.0	0.0	0.357142857143	0.642857142857	0.0	0.0	0.333333333333	0.666666666667
0.388888888889	0.402777777778	0.208333333333	0.0	0.684210526316	0.315789473684	0.0	0.0	1.0
1.0	0.0	0.0	0.619718309859	0.380281690141	0.0	0.5	0.368421052632	0.131578947368
0.613445378151	0.285714285714	0.100840336134	0.682926829268	0.317073170732	0.0	1.0	0.0	0.0
0.698113207547	0.254716981132	0.0471698113208	0.723404255319	0.276595744681	0.0	1.0	0.0	0.0
0.55	0.35	0.1	0.175	0.625	0.2	0.6	0.4	0.0
0.592105263158	0.355263157895	0.0526315789474	0.623188405797	0.347826086957	0.0289855072464	0.85	0.15	0.0
0.980952380952	0.0190476190476	0.0	0.0185185185185	0.981481481481	0.0	0.0	0.0	1.0
0.365384615385	0.423076923077	0.211538461538	0.745454545455	0.254545454545	0.0	1.0	0.0	0.0
0.988235294118	0.0117647058824	0.0	0.431034482759	0.551724137931	0.0172413793103	0.318181818182	0.454545454545	0.227272727273
0.896551724138	0.0948275862069	0.00862068965517	0.976744186047	0.0232558139535	0.0	1.0	0.0	0.0
0.809210526316	0.171052631579	0.0197368421053	0.666666666667	0.333333333333	0.0	1.0	0.0	0.0
0.787878787879	0.19696969697	0.0151515151515	0.8	0.2	0.0	1.0	0.0	0.0
0.435114503817	0.450381679389	0.114503816794	0.0	0.71875	0.28125	0.0	0.0	1.0
0.894736842105	0.105263157895	0.0	0.40243902439	0.548780487805	0.0487804878049	0.384615384615	0.5	0.115384615385
1.0	0.0	0.0	0.234375	0.765625	0.0	0.0	0.571428571429	0.428571428571
1.0	0.0	0.0	0.0	1.0	0.0	0.0	0.0	1.0
0.192660550459	0.48623853211	0.321100917431	0.490566037736	0.509433962264	0.0	1.0	0.0	0.0
0.32	0.52	0.16	0.5	0.5	0.0	1.0	0.0	0.0
0.197802197802	0.406593406593	0.395604395604	0.424242424242	0.575757575758	0.0	1.0	0.0	0.0
0.185185185185	0.62962962963	0.185185185185	0.466666666667	0.533333333333	0.0	1.0	0.0	0.0
0.814814814815	0.185185185185	0.0	0.891891891892	0.108108108108	0.0	1.0	0.0	0.0
1.0	0.0	0.0	0.0869565217391	0.913043478261	0.0	0.0	0.0	0.0
0.638888888889	0.3125	0.0486111111111	0.190476190476	0.761904761905	0.047619047619	0.0	0.0	0.0
0.604166666667	0.354166666667	0.0416666666667	0.786885245902	0.213114754098	0.0	1.0	0.0	0.0
0.578947368421	0.368421052632	0.0526315789474	0.829787234043	0.170212765957	0.0	1.0	0.0	0.0
0.54128440367	0.385321100917	0.0733944954128	0.66	0.34	0.0	1.0	0.0	0.0
0.602040816327	0.336734693878	0.0612244897959	0.71186440678	0.28813559322	0.0	1.0	0.0	0.0
0.688073394495	0.293577981651	0.0183486238532	0.88	0.12	0.0	1.0	0.0	0.0
0.984	0.016	0.0	1.0	0.0	0.0	1.0	0.0	0.0
0.325153374233	0.496932515337	0.177914110429	1.0	0.0	0.0	0.0	0.0	0.0
0.636363636364	0.327272727273	0.0363636363636	0.740740740741	0.259259259259	0.0	1.0	0.0	0.0
0.596774193548	0.370967741935	0.0322580645161	0.846153846154	0.153846153846	0.0	1.0	0.0	0.0
1.0	0.0	0.0	0.0	1.0	0.0	0.0	0.0	1.0
0.688073394495	0.293577981651	0.0183486238532	0.884615384615	0.115384615385	0.0	1.0	0.0	0.0
0.536	0.392	0.072	0.815789473684	0.184210526316	0.0	1.0	0.0	0.0
1.0	0.0	0.0	0.857142857143	0.142857142857	0.0	0.444444444444	0.444444444444	0.111111111111
0.868421052632	0.125	0.00657894736842	1.0	0.0	0.0	1.0	0.0	0.0
0.648275862069	0.324137931034	0.0275862068966	0.736842105263	0.263157894737	0.0	1.0	0.0	0.0
0.917431192661	0.0733944954128	0.00917431192661	0.0	0.923076923077	0.0769230769231	0.0	0.0	1.0
0.67	0.31	0.02	0.839285714286	0.160714285714	0.0	1.0	0.0	0.0
0.926829268293	0.0731707317073	0.0	0.975	0.025	0.0	1.0	0.0	0.0
0.664516129032	0.309677419355	0.0258064516129	0.7	0.3	0.0	0.0	0.0	0.0
0.672727272727	0.309090909091	0.0181818181818	0.882352941176	0.117647058824	0.0	1.0	0.0	0.0
0.910569105691	0.0894308943089	0.0	0.0	0.95	0.05	0.0	0.0	1.0
0.267857142857	0.5	0.232142857143	0.224489795918	0.612244897959	0.163265306122	0.0	0.5	0.5
1.0	0.0	0.0	0.738636363636	0.25	0.0113636363636	0.5	0.361111111111	0.138888888889
0.491935483871	0.370967741935	0.137096774194	0.0	0.657142857143	0.342857142857	0.0	0.0	1.0
1.0	0.0	0.0	0.217391304348	0.782608695652	0.0	0.0571428571429	0.342857142857	0.6
0.974358974359	0.025641025641	0.0	0.409090909091	0.590909090909	0.0	0.190476190476	0.47619047619	0.333333333333
0.906542056075	0.0934579439252	0.0	0.941176470588	0.0588235294118	0.0	1.0	0.0	0.0
0.684210526316	0.276315789474	0.0394736842105	0.769230769231	0.230769230769	0.0	0.0	0.0	0.0
0.368421052632	0.473684210526	0.157894736842	0.688888888889	0.288888888889	0.0222222222222	1.0	0.0	0.0
0.569620253165	0.354430379747	0.0759493670886	0.835820895522	0.164179104478	0.0	1.0	0.0	0.0
0.4	0.466666666667	0.133333333333	0.717948717949	0.282051282051	0.0	1.0	0.0	0.0
0.829268292683	0.170731707317	0.0	0.179104477612	0.716417910448	0.10447761194	0.0625	0.3125	0.625
0.555555555556	0.333333333333	0.111111111111	0.716417910448	0.253731343284	0.0298507462687	0.941176470588	0.0588235294118	0.0
0.889908256881	0.110091743119	0.0	0.2	0.755555555556	0.0444444444444	0.181818181818	0.363636363636	0.454545454545
1.0	0.0	0.0	0.88	0.12	0.0	0.857142857143	0.142857142857	0.0
0.620253164557	0.316455696203	0.0632911392405	0.0	0.857142857143	0.142857142857	0.0	0.0	0.0
1.0	0.0	0.0	0.821428571429	0.178571428571	0.0	0.636363636364	0.181818181818	0.181818181818
0.649006622517	0.304635761589	0.046357615894	0.0	0.75	0.25	0.0	0.0	1.0
1.0	0.0	0.0	0.4	0.6	0.0	0.416666666667	0.416666666667	0.166666666667
0.928	0.064	0.008	0.105263157895	0.842105263158	0.0526315789474	0.0	0.0	1.0
0.591666666667	0.341666666667	0.0666666666667	0.05	0.75	0.2	0.0	0.0	1.0
0.561643835616	0.369863013699	0.0684931506849	0.760563380282	0.239436619718	0.0	1.0	0.0	0.0
0.353448275862	0.465517241379	0.181034482759	0.613636363636	0.386363636364	0.0	1.0	0.0	0.0
1.0	0.0	0.0	0.0	1.0	0.0	0.0	0.0	1.0
1.0	0.0	0.0	0.0	1.0	0.0	0.0	0.0	1.0
0.0684931506849	0.369863013699	0.561643835616	0.239436619718	0.760563380282	0.0	1.0	0.0	0.0
0.116279069767	0.395348837209	0.488372093023	0.333333333333	0.666666666667	0.0	1.0	0.0	0.0
0.986301369863	0.013698630137	0.0	0.0	1.0	0.0	0.0	0.0	1.0
1.0	0.0	0.0	0.0138888888889	0.986111111111	0.0	0.0	0.0	1.0
0.0684931506849	0.369863013699	0.561643835616	0.239436619718	0.760563380282	0.0	1.0	0.0	0.0
0.116279069767	0.395348837209	0.488372093023	0.345679012346	0.654320987654	0.0	1.0	0.0	0.0
0.986486486486	0.0135135135135	0.0	0.0	1.0	0.0	0.0	0.0	1.0
1.0	0.0	0.0	0.521126760563	0.478873239437	0.0	0.190476190476	0.52380952381	0.285714285714
0.605263157895	0.350877192982	0.0438596491228	0.0	0.755555555556	0.244444444444	0.0	0.0	1.0
1.0	0.0	0.0	0.648648648649	0.351351351351	0.0	0.772727272727	0.227272727273	0.0
0.253731343284	0.440298507463	0.305970149254	0.290322580645	0.709677419355	0.0	0.0	0.0	0.0
0.116279069767	0.53488372093	0.348837209302	0.432098765432	0.567901234568	0.0	1.0	0.0	0.0
0.962962962963	0.037037037037	0.0	0.420289855072	0.579710144928	0.0	0.2	0.4	0.4
0.736363636364	0.245454545455	0.0181818181818	0.0	0.857142857143	0.142857142857	0.0	0.0	1.0
0.58024691358	0.345679012346	0.0740740740741	0.0	0.724637681159	0.275362318841	0.0	0.0	1.0
1.0	0.0	0.0	0.025641025641	0.974358974359	0.0	0.025	0.025	0.95
0.96	0.04	0.0	0.753246753247	0.246753246753	0.0	0.710526315789	0.289473684211	0.0
0.541353383459	0.398496240602	0.0601503759398	0.0	0.75	0.25	0.0	0.0	0.0
1.0	0.0	0.0	0.909090909091	0.0909090909091	0.0	0.9375	0.0625	0.0
0.458598726115	0.445859872611	0.0955414012739	0.0	0.875	0.125	0.0	0.0	0.0
0.583333333333	0.361111111111	0.0555555555556	0.701298701299	0.298701298701	0.0	1.0	0.0	0.0
0.598214285714	0.357142857143	0.0446428571429	0.734693877551	0.265306122449	0.0	1.0	0.0	0.0
0.626168224299	0.336448598131	0.0373831775701	0.754716981132	0.245283018868	0.0	1.0	0.0	0.0
0.276785714286	0.553571428571	0.169642857143	0.551020408163	0.448979591837	0.0	1.0	0.0	0.0
0.5	0.435483870968	0.0645161290323	0.738095238095	0.261904761905	0.0	1.0	0.0	0.0
0.535714285714	0.383928571429	0.0803571428571	0.714285714286	0.285714285714	0.0	1.0	0.0	0.0
1.0	0.0	0.0	0.0	1.0	0.0	0.0	0.0	1.0
1.0	0.0	0.0	0.0	1.0	0.0	0.0	0.0	1.0
0.575757575758	0.383838383838	0.040404040404	0.754385964912	0.245614035088	0.0	1.0	0.0	0.0
0.522935779817	0.394495412844	0.0825688073394	0.730769230769	0.269230769231	0.0	1.0	0.0	0.0
0.626262626263	0.363636363636	0.010101010101	0.824561403509	0.175438596491	0.0	1.0	0.0	0.0
1.0	0.0	0.0	0.152173913043	0.847826086957	0.0	0.0	1.0	0.0
1.0	0.0	0.0	0.0	1.0	0.0	0.0	0.0	0.0
1.0	0.0	0.0	0.0	1.0	0.0	0.0	0.0	0.0
0.616	0.352	0.032	0.875	0.125	0.0	0.0	0.0	0.0
0.651785714286	0.339285714286	0.00892857142857	0.836734693878	0.163265306122	0.0	1.0	0.0	0.0
0.525423728814	0.398305084746	0.0762711864407	0.0	0.782608695652	0.217391304348	0.0	0.0	1.0
1.0	0.0	0.0	0.939759036145	0.0602409638554	0.0	0.85	0.15	0.0
0.687898089172	0.286624203822	0.0254777070064	0.625	0.375	0.0	0.0	0.0	0.0
0.690265486726	0.309734513274	0.0	0.895833333333	0.104166666667	0.0	1.0	0.0	0.0
0.536	0.392	0.072	0.8	0.2	0.0	0.0	0.0	0.0
0.676767676768	0.323232323232	0.0	0.859649122807	0.140350877193	0.0	1.0	0.0	0.0
0.216	0.536	0.248	0.325	0.675	0.0	0.0	0.0	0.0
0.925	0.075	0.0	0.904255319149	0.0957446808511	0.0	1.0	0.0	0.0
0.738562091503	0.235294117647	0.0261437908497	0.0	0.916666666667	0.0833333333333	0.0	0.0	0.0
0.230088495575	0.53982300885	0.230088495575	0.531914893617	0.468085106383	0.0	1.0	0.0	0.0
0.446428571429	0.464285714286	0.0892857142857	0.722891566265	0.277108433735	0.0	1.0	0.0	0.0
0.207207207207	0.540540540541	0.252252252252	0.530612244898	0.469387755102	0.0	1.0	0.0	0.0
0.425925925926	0.481481481481	0.0925925925926	0.722891566265	0.277108433735	0.0	1.0	0.0	0.0
0.216216216216	0.495495495495	0.288288288288	0.510204081633	0.489795918367	0.0	1.0	0.0	0.0
0.537037037037	0.425925925926	0.037037037037	0.632911392405	0.367088607595	0.0	1.0	0.0	0.0
0.765765765766	0.216216216216	0.018018018018	0.826923076923	0.173076923077	0.0	1.0	0.0	0.0
0.946153846154	0.0538461538462	0.0	0.969696969697	0.030303030303	0.0	1.0	0.0	0.0
0.662420382166	0.305732484076	0.031847133758	0.875	0.125	0.0	0.0	0.0	0.0
0.603603603604	0.378378378378	0.018018018018	0.795918367347	0.204081632653	0.0	1.0	0.0	0.0
0.558558558559	0.405405405405	0.036036036036	0.0	0.807692307692	0.192307692308	0.0	0.0	1.0
0.983870967742	0.0161290322581	0.0	0.965517241379	0.0344827586207	0.0	1.0	0.0	0.0
1.0	0.0	0.0	0.75	0.25	0.0	0.0	0.0	0.0
0.378048780488	0.524390243902	0.0975609756098	0.0	1.0	0.0	0.0	0.0	0.0
0.112903225806	0.467741935484	0.41935483871	0.310344827586	0.666666666667	0.0229885057471	1.0	0.0	0.0
0.44	0.48	0.08	0.689655172414	0.310344827586	0.0	1.0	0.0	0.0
0.936363636364	0.0636363636364	0.0	0.941176470588	0.0588235294118	0.0	1.0	0.0	0.0
1.0	0.0	0.0	0.0	1.0	0.0	0.0	0.0	0.0
1.0	0.0	0.0	0.0	1.0	0.0	0.0	0.0	0.0
1.0	0.0	0.0	0.4	0.6	0.0	0.0	0.0	0.0
0.352201257862	0.490566037736	0.157232704403	0.0	0.666666666667	0.333333333333	0.0	0.0	0.0
1.0	0.0	0.0	0.573170731707	0.426829268293	0.0	0.333333333333	0.518518518519	0.148148148148
0.223214285714	0.5	0.276785714286	0.408163265306	0.591836734694	0.0	1.0	0.0	0.0
0.877551020408	0.102040816327	0.0204081632653	0.0588235294118	0.941176470588	0.0	0.0	0.0967741935484	0.903225806452
0.479166666667	0.458333333333	0.0625	0.704545454545	0.284090909091	0.0113636363636	0.896551724138	0.103448275862	0.0
0.747747747748	0.243243243243	0.00900900900901	0.86	0.14	0.0	0.75	0.25	0.0
0.968992248062	0.031007751938	0.0	1.0	0.0	0.0	1.0	0.0	0.0
0.229813664596	0.540372670807	0.229813664596	0.25	0.75	0.0	0.0	0.0	0.0
0.763157894737	0.236842105263	0.0	0.766666666667	0.222222222222	0.0111111111111	0.864864864865	0.135135135135	0.0
0.292307692308	0.523076923077	0.184615384615	0.411764705882	0.588235294118	0.0	1.0	0.0	0.0
0.962264150943	0.0377358490566	0.0	0.261363636364	0.693181818182	0.0454545454545	0.0833333333333	0.416666666667	0.5
0.671052631579	0.302631578947	0.0263157894737	0.86301369863	0.13698630137	0.0	1.0	0.0	0.0
0.884615384615	0.107692307692	0.00769230769231	0.939393939394	0.0606060606061	0.0	1.0	0.0	0.0
0.925675675676	0.0743243243243	0.0	0.9375	0.0625	0.0	1.0	0.0	0.0
0.313725490196	0.509803921569	0.176470588235	0.166666666667	0.333333333333	0.5	0.0	0.0	0.0
1.0	0.0	0.0	0.865853658537	0.134146341463	0.0	0.575757575758	0.393939393939	0.030303030303
0.35	0.514285714286	0.135714285714	0.416666666667	0.583333333333	0.0	1.0	0.0	0.0
0.15	0.566666666667	0.283333333333	0.511627906977	0.488372093023	0.0	1.0	0.0	0.0
0.819444444444	0.166666666667	0.0138888888889	0.921052631579	0.0789473684211	0.0	1.0	0.0	0.0
0.397260273973	0.493150684932	0.109589041096	0.0	0.555555555556	0.444444444444	0.0	0.0	1.0
0.155172413793	0.51724137931	0.327586206897	0.451219512195	0.512195121951	0.0365853658537	0.68	0.28	0.04
0.539682539683	0.428571428571	0.031746031746	0.379746835443	0.493670886076	0.126582278481	0.217391304348	0.652173913043	0.130434782609
0.942028985507	0.0579710144928	0.0	0.83950617284	0.16049382716	0.0	0.733333333333	0.266666666667	0.0
0.993055555556	0.00694444444444	0.0	0.0	1.0	0.0	0.0	0.0	0.0
1.0	0.0	0.0	0.681818181818	0.318181818182	0.0	0.0	0.0	0.0
0.411392405063	0.386075949367	0.20253164557	0.0	0.571428571429	0.428571428571	0.0	0.0	0.0
1.0	0.0	0.0	0.0	1.0	0.0	0.0	0.0285714285714	0.971428571429
1.0	0.0	0.0	0.19696969697	0.80303030303	0.0	0.0	0.264705882353	0.735294117647
0.833333333333	0.166666666667	0.0	0.854838709677	0.145161290323	0.0	1.0	0.0	0.0
0.454545454545	0.363636363636	0.181818181818	0.0	0.590909090909	0.409090909091	0.0	0.0	0.0
0.969230769231	0.0307692307692	0.0	0.138461538462	0.815384615385	0.0461538461538	0.0	0.171428571429	0.828571428571
1.0	0.0	0.0	0.016393442623	0.983606557377	0.0	0.0	0.03125	0.96875
0.849315068493	0.150684931507	0.0	0.0327868852459	0.868852459016	0.0983606557377	0.0	0.129032258065	0.870967741935
0.4375	0.484375	0.078125	0.661764705882	0.279411764706	0.0588235294118	0.545454545455	0.424242424242	0.030303030303
0.813186813187	0.186813186813	0.0	0.0	0.890625	0.109375	0.0	0.0	1.0
1.0	0.0	0.0	0.0135135135135	0.986486486486	0.0	0.117647058824	0.0588235294118	0.823529411765
0.987012987013	0.012987012987	0.0	0.77027027027	0.22972972973	0.0	0.571428571429	0.428571428571	0.0
0.531914893617	0.397163120567	0.0709219858156	0.0	0.708333333333	0.291666666667	0.0	0.0	0.0
1.0	0.0	0.0	0.753424657534	0.246575342466	0.0	0.529411764706	0.470588235294	0.0
0.496402877698	0.388489208633	0.115107913669	0.0	0.653846153846	0.346153846154	0.0	0.0	0.0
1.0	0.0	0.0	0.323943661972	0.676056338028	0.0	0.04	0.6	0.36
1.0	0.0	0.0	0.0	1.0	0.0	0.0	0.0	1.0
0.795698924731	0.193548387097	0.010752688172	0.0	0.857142857143	0.142857142857	0.0	0.0	1.0
1.0	0.0	0.0	0.0138888888889	0.986111111111	0.0	0.0	0.0	1.0
0.266666666667	0.546666666667	0.186666666667	0.478873239437	0.422535211268	0.0985915492958	0.894736842105	0.105263157895	0.0
0.859154929577	0.12676056338	0.0140845070423	0.041095890411	0.835616438356	0.123287671233	0.047619047619	0.047619047619	0.904761904762
0.184615384615	0.523076923077	0.292307692308	0.352112676056	0.633802816901	0.0140845070423	1.0	0.0	0.0
1.0	0.0	0.0	0.0253164556962	0.974683544304	0.0	0.0	0.05	0.95
0.191176470588	0.382352941176	0.426470588235	0.448717948718	0.551282051282	0.0	1.0	0.0	0.0
0.179104477612	0.522388059701	0.298507462687	0.36231884058	0.63768115942	0.0	1.0	0.0	0.0
0.80303030303	0.181818181818	0.0151515151515	0.924050632911	0.0759493670886	0.0	1.0	0.0	0.0
0.383561643836	0.493150684932	0.123287671233	0.722222222222	0.277777777778	0.0	1.0	0.0	0.0
0.871428571429	0.128571428571	0.0	0.0	0.948051948052	0.0519480519481	0.0	0.0	1.0
0.983606557377	0.016393442623	0.0	0.0853658536585	0.914634146341	0.0	0.0	0.136363636364	0.863636363636
0.910447761194	0.089552238806	0.0	0.0126582278481	0.949367088608	0.0379746835443	0.0	0.0	1.0
0.983870967742	0.0161290322581	0.0	0.0617283950617	0.938271604938	0.0	0.0	0.136363636364	0.863636363636
0.787878787879	0.19696969697	0.0151515151515	0.0125	0.8875	0.1	0.0	0.0	1.0
1.0	0.0	0.0	0.166666666667	0.833333333333	0.0	0.0357142857143	0.285714285714	0.678571428571
1.0	0.0	0.0	0.0	1.0	0.0	0.0	0.0	1.0
0.808823529412	0.191176470588	0.0	0.897435897436	0.102564102564	0.0	0.947368421053	0.0526315789474	0.0
0.440559440559	0.461538461538	0.0979020979021	0.227272727273	0.681818181818	0.0909090909091	0.0	0.0	0.0
1.0	0.0	0.0	0.271604938272	0.728395061728	0.0	0.0	0.4375	0.5625
0.922222222222	0.0777777777778	0.0	0.0151515151515	0.939393939394	0.0454545454545	0.0	0.0	1.0
0.892857142857	0.107142857143	0.0	0.985507246377	0.0144927536232	0.0	1.0	0.0	0.0
0.993548387097	0.00645161290323	0.0	0.2	0.8	0.0	0.0	0.0	0.0
0.358974358974	0.532051282051	0.108974358974	0.555555555556	0.444444444444	0.0	0.0	0.0	0.0
1.0	0.0	0.0	0.0919540229885	0.908045977011	0.0	0.0	0.0	1.0
0.884057971014	0.115942028986	0.0	0.177215189873	0.759493670886	0.0632911392405	0.0	0.411764705882	0.588235294118
0.733333333333	0.266666666667	0.0	0.0133333333333	0.88	0.106666666667	0.0	0.0666666666667	0.933333333333
1.0	0.0	0.0	0.0	0.965517241379	0.0344827586207	0.0	0.0	1.0
1.0	0.0	0.0	0.845238095238	0.154761904762	0.0	0.72	0.28	0.0
0.468965517241	0.448275862069	0.0827586206897	0.75	0.25	0.0	0.0	0.0	0.0
0.843373493976	0.156626506024	0.0	0.928571428571	0.0714285714286	0.0	1.0	0.0	0.0
0.619047619048	0.333333333333	0.047619047619	0.277777777778	0.555555555556	0.166666666667	0.0	0.0	0.0
0.864583333333	0.135416666667	0.0	0.71186440678	0.254237288136	0.0338983050847	0.7	0.3	0.0
0.424242424242	0.469696969697	0.106060606061	0.193548387097	0.709677419355	0.0967741935484	0.0	1.0	0.0
0.903225806452	0.0967741935484	0.0	0.0116279069767	0.93023255814	0.0581395348837	0.0	0.0	1.0
1.0	0.0	0.0	0.93023255814	0.0697674418605	0.0	0.772727272727	0.227272727273	0.0
0.363636363636	0.525974025974	0.11038961039	0.0909090909091	0.454545454545	0.454545454545	0.0	0.0	0.0
1.0	0.0	0.0	0.872093023256	0.127906976744	0.0	0.681818181818	0.318181818182	0.0
0.551020408163	0.401360544218	0.047619047619	0.777777777778	0.222222222222	0.0	0.0	0.0	0.0
0.631578947368	0.336842105263	0.0315789473684	0.0	0.904761904762	0.0952380952381	0.0	0.0	1.0
1.0	0.0	0.0	0.157303370787	0.842696629213	0.0	0.0	0.25	0.75
0.837837837838	0.162162162162	0.0	0.79746835443	0.177215189873	0.0253164556962	0.666666666667	0.333333333333	0.0
0.443609022556	0.496240601504	0.0601503759398	0.8	0.2	0.0	1.0	0.0	0.0
1.0	0.0	0.0	0.0138888888889	0.986111111111	0.0	0.0	0.0	1.0
1.0	0.0	0.0	0.12676056338	0.87323943662	0.0	0.0	0.125	0.875
0.631578947368	0.336842105263	0.0315789473684	0.0	0.904761904762	0.0952380952381	0.0	0.0	1.0
1.0	0.0	0.0	0.0	1.0	0.0	0.0	0.0	1.0
1.0	0.0	0.0	0.0224719101124	0.977528089888	0.0	0.0	0.0625	0.9375
0.967741935484	0.0322580645161	0.0	0.159090909091	0.829545454545	0.0113636363636	0.0	0.266666666667	0.733333333333
1.0	0.0	0.0	0.189873417722	0.810126582278	0.0	0.0	0.333333333333	0.666666666667
0.685393258427	0.280898876404	0.0337078651685	0.0	0.911764705882	0.0882352941176	0.0	0.0	1.0
0.606557377049	0.311475409836	0.0819672131148	0.103448275862	0.747126436782	0.149425287356	0.0	0.352941176471	0.647058823529
0.978260869565	0.0217391304348	0.0	0.0	0.966666666667	0.0333333333333	0.0	0.0	1.0
1.0	0.0	0.0	0.738636363636	0.261363636364	0.0	0.53125	0.34375	0.125
0.59842519685	0.346456692913	0.0551181102362	0.705882352941	0.294117647059	0.0	1.0	0.0	0.0
0.394230769231	0.528846153846	0.0769230769231	0.759259259259	0.240740740741	0.0	1.0	0.0	0.0
0.865168539326	0.134831460674	0.0	0.0	0.911764705882	0.0882352941176	0.0	0.0	1.0
0.181818181818	0.532467532468	0.285714285714	0.635135135135	0.364864864865	0.0	1.0	0.0	0.0
1.0	0.0	0.0	0.0294117647059	0.970588235294	0.0	0.0	0.136363636364	0.863636363636
1.0	0.0	0.0	0.0579710144928	0.942028985507	0.0	0.0	0.0526315789474	0.947368421053
0.975308641975	0.0246913580247	0.0	0.333333333333	0.651515151515	0.0151515151515	0.111111111111	0.277777777778	0.611111111111
0.126213592233	0.553398058252	0.320388349515	0.34	0.66	0.0	0.916666666667	0.0833333333333	0.0
0.243902439024	0.487804878049	0.268292682927	0.538461538462	0.461538461538	0.0	1.0	0.0	0.0
1.0	0.0	0.0	0.193548387097	0.806451612903	0.0	0.0	0.0	1.0
0.875	0.125	0.0	0.92	0.08	0.0	0.454545454545	0.454545454545	0.0909090909091
0.69014084507	0.281690140845	0.0281690140845	0.590909090909	0.363636363636	0.0454545454545	0.0	0.0	1.0
0.981981981982	0.018018018018	0.0	1.0	0.0	0.0	1.0	0.0	0.0
0.245398773006	0.588957055215	0.165644171779	0.0	0.5	0.5	0.0	0.0	0.0
0.975	0.025	0.0	0.59793814433	0.39175257732	0.0103092783505	0.428571428571	0.357142857143	0.214285714286
0.889908256881	0.110091743119	0.0	1.0	0.0	0.0	1.0	0.0	0.0
0.954248366013	0.0457516339869	0.0	0.0	1.0	0.0	0.0	0.0	0.0
0.267123287671	0.568493150685	0.164383561644	0.0526315789474	0.684210526316	0.263157894737	0.0	0.0	0.0
0.975	0.025	0.0	0.614583333333	0.385416666667	0.0	0.413793103448	0.379310344828	0.206896551724
0.690909090909	0.281818181818	0.0272727272727	0.69387755102	0.30612244898	0.0	1.0	0.0	0.0
0.655172413793	0.293103448276	0.051724137931	0.695652173913	0.304347826087	0.0	1.0	0.0	0.0
0.918918918919	0.0810810810811	0.0	1.0	0.0	0.0	1.0	0.0	0.0
0.551282051282	0.378205128205	0.0705128205128	0.888888888889	0.111111111111	0.0	0.0	0.0	0.0
0.521276595745	0.404255319149	0.0744680851064	0.05	0.733333333333	0.216666666667	0.0	0.272727272727	0.727272727273
0.75	0.25	0.0	0.941176470588	0.0588235294118	0.0	1.0	0.0	0.0
0.605442176871	0.34693877551	0.047619047619	0.666666666667	0.333333333333	0.0	0.0	0.0	0.0
0.910891089109	0.0891089108911	0.0	1.0	0.0	0.0	1.0	0.0	0.0
0.576923076923	0.358974358974	0.0641025641026	0.777777777778	0.222222222222	0.0	0.0	0.0	0.0
1.0	0.0	0.0	0.0	1.0	0.0	0.0	0.0	1.0
0.39175257732	0.536082474227	0.0721649484536	0.0	0.706896551724	0.293103448276	0.0	0.0	1.0
1.0	0.0	0.0	0.0	1.0	0.0	0.0	0.0	1.0
1.0	0.0	0.0	0.559139784946	0.440860215054	0.0	0.205882352941	0.5	0.294117647059
0.39175257732	0.536082474227	0.0721649484536	0.0	0.706896551724	0.293103448276	0.0	0.0	1.0
1.0	0.0	0.0	0.559139784946	0.440860215054	0.0	0.235294117647	0.5	0.264705882353
0.989795918367	0.0	0.0102040816327	0.0	1.0	0.0	0.0	0.0	1.0
1.0	0.0	0.0	0.0	1.0	0.0	0.0	0.0	1.0
1.0	0.0	0.0	0.0	1.0	0.0	0.0	0.0	1.0
0.989690721649	0.0103092783505	0.0	0.0	1.0	0.0	0.0	0.0	1.0
0.385416666667	0.541666666667	0.0729166666667	0.71186440678	0.28813559322	0.0	1.0	0.0	0.0
1.0	0.0	0.0	0.289855072464	0.710144927536	0.0	0.0	0.0	1.0
0.45871559633	0.449541284404	0.0917431192661	0.775510204082	0.224489795918	0.0	1.0	0.0	0.0
0.442105263158	0.484210526316	0.0736842105263	0.75	0.25	0.0	1.0	0.0	0.0
0.432989690722	0.463917525773	0.103092783505	0.0	0.754098360656	0.245901639344	0.0	0.0	1.0
0.97619047619	0.0238095238095	0.0	0.912087912088	0.0879120879121	0.0	0.9375	0.0625	0.0
0.272727272727	0.545454545455	0.181818181818	0.727272727273	0.272727272727	0.0	0.0	0.0	0.0
0.86	0.14	0.0	0.977011494253	0.0229885057471	0.0	1.0	0.0	0.0
0.576923076923	0.358974358974	0.0641025641026	0.222222222222	0.555555555556	0.222222222222	0.0	0.0	0.0
0.978260869565	0.0217391304348	0.0	0.0	1.0	0.0	0.0	0.0	1.0
0.477777777778	0.444444444444	0.0777777777778	0.809523809524	0.190476190476	0.0	1.0	0.0	0.0
0.330188679245	0.528301886792	0.141509433962	0.0	0.75	0.25	0.0	0.0	1.0
0.971428571429	0.0285714285714	0.0	0.0842105263158	0.894736842105	0.0210526315789	0.0	0.0857142857143	0.914285714286
1.0	0.0	0.0	0.561797752809	0.438202247191	0.0	0.411764705882	0.382352941176	0.205882352941
0.301886792453	0.556603773585	0.141509433962	0.0	0.730769230769	0.269230769231	0.0	0.0	1.0
0.96875	0.03125	0.0	0.453608247423	0.546391752577	0.0	0.277777777778	0.5	0.222222222222
0.988235294118	0.0117647058824	0.0	0.986111111111	0.0138888888889	0.0	1.0	0.0	0.0
0.644171779141	0.312883435583	0.0429447852761	0.5	0.5	0.0	0.0	0.0	0.0
1.0	0.0	0.0	0.0	1.0	0.0	0.0	0.0	1.0
0.320754716981	0.537735849057	0.141509433962	0.0	0.730769230769	0.269230769231	0.0	0.0	1.0
1.0	0.0	0.0	0.926315789474	0.0736842105263	0.0	0.944444444444	0.0555555555556	0.0
0.217948717949	0.551282051282	0.230769230769	0.0	0.666666666667	0.333333333333	0.0	0.0	0.0
1.0	0.0	0.0	0.510869565217	0.489130434783	0.0	0.333333333333	0.410256410256	0.25641025641
0.478723404255	0.5	0.0212765957447	0.639344262295	0.327868852459	0.0327868852459	0.8	0.2	0.0
0.989130434783	0.0108695652174	0.0	0.710144927536	0.289855072464	0.0	0.5	0.5	0.0
0.556338028169	0.366197183099	0.0774647887324	0.608695652174	0.347826086957	0.0434782608696	0.0	0.0	0.0
0.258064516129	0.462365591398	0.279569892473	0.316666666667	0.483333333333	0.2	0.333333333333	0.666666666667	0.0
0.340425531915	0.489361702128	0.170212765957	0.575	0.425	0.0	1.0	0.0	0.0
0.95	0.05	0.0	0.210526315789	0.771929824561	0.0175438596491	0.0	0.375	0.625
0.140186915888	0.504672897196	0.355140186916	0.461538461538	0.538461538462	0.0	1.0	0.0	0.0
0.333333333333	0.533333333333	0.133333333333	0.658536585366	0.341463414634	0.0	1.0	0.0	0.0
0.757009345794	0.233644859813	0.00934579439252	0.788461538462	0.211538461538	0.0	1.0	0.0	0.0
0.6875	0.2734375	0.0390625	0.722222222222	0.277777777778	0.0	1.0	0.0	0.0
0.191304347826	0.495652173913	0.313043478261	0.488888888889	0.511111111111	0.0	1.0	0.0	0.0
0.428571428571	0.469387755102	0.102040816327	0.7125	0.2875	0.0	0.972222222222	0.0277777777778	0.0
0.601769911504	0.345132743363	0.0530973451327	0.787234042553	0.212765957447	0.0	1.0	0.0	0.0
0.909090909091	0.0909090909091	0.0	0.959183673469	0.0408163265306	0.0	1.0	0.0	0.0
0.660130718954	0.300653594771	0.0392156862745	0.833333333333	0.166666666667	0.0	0.0	0.0	0.0
0.423423423423	0.459459459459	0.117117117117	0.708333333333	0.291666666667	0.0	1.0	0.0	0.0
0.540229885057	0.413793103448	0.0459770114943	0.646153846154	0.307692307692	0.0461538461538	0.769230769231	0.230769230769	0.0
0.606060606061	0.333333333333	0.0606060606061	0.745762711864	0.254237288136	0.0	1.0	0.0	0.0
0.891891891892	0.108108108108	0.0	0.395833333333	0.604166666667	0.0	0.166666666667	0.5	0.333333333333
0.344537815126	0.495798319328	0.159663865546	0.5	0.5	0.0	1.0	0.0	0.0
0.553846153846	0.369230769231	0.0769230769231	0.62962962963	0.358024691358	0.0123456790123	0.947368421053	0.0526315789474	0.0
0.257142857143	0.457142857143	0.285714285714	0.333333333333	0.648148148148	0.0185185185185	0.833333333333	0.166666666667	0.0
1.0	0.0	0.0	0.0	1.0	0.0	0.0	0.0	1.0
0.88	0.12	0.0	0.880952380952	0.119047619048	0.0	1.0	0.0	0.0
0.630872483221	0.322147651007	0.0469798657718	0.1875	0.75	0.0625	0.0	0.0	0.0
0.721649484536	0.268041237113	0.0103092783505	0.0	0.933333333333	0.0666666666667	0.0	0.0	1.0
1.0	0.0	0.0	0.841463414634	0.158536585366	0.0	0.769230769231	0.153846153846	0.0769230769231
0.677852348993	0.288590604027	0.0335570469799	0.866666666667	0.133333333333	0.0	1.0	0.0	0.0
0.782608695652	0.208695652174	0.00869565217391	0.355555555556	0.6	0.0444444444444	0.4	0.2	0.4
1.0	0.0	0.0	0.461538461538	0.538461538462	0.0	0.2	0.4	0.4
0.932330827068	0.0676691729323	0.0	0.0	1.0	0.0	0.0	0.0	1.0
0.596774193548	0.370967741935	0.0322580645161	0.769230769231	0.230769230769	0.0	1.0	0.0	0.0
0.679245283019	0.311320754717	0.00943396226415	0.309090909091	0.618181818182	0.0727272727273	0.25	0.0	0.75
0.966666666667	0.0333333333333	0.0	0.0597014925373	0.925373134328	0.0149253731343	0.0	0.25	0.75
0.934065934066	0.0659340659341	0.0	0.940298507463	0.0597014925373	0.0	1.0	0.0	0.0
0.374193548387	0.522580645161	0.103225806452	0.0	0.5	0.5	0.0	0.0	0.0
1.0	0.0	0.0	0.0	1.0	0.0	0.0	0.0	1.0
0.879310344828	0.120689655172	0.0	0.93023255814	0.0697674418605	0.0	1.0	0.0	0.0
0.960526315789	0.0394736842105	0.0	0.923076923077	0.0769230769231	0.0	0.0	0.0	0.0
0.386075949367	0.487341772152	0.126582278481	0.0	0.428571428571	0.571428571429	0.0	0.0	0.0
1.0	0.0	0.0	0.7875	0.2125	0.0	0.708333333333	0.291666666667	0.0
1.0	0.0	0.0	0.0	1.0	0.0	0.0	0.0	0.0
0.893617021277	0.106382978723	0.0	0.0833333333333	0.875	0.0416666666667	0.0	0.0	0.0
0.59375	0.3515625	0.0546875	0.805555555556	0.194444444444	0.0	1.0	0.0	0.0
0.801886792453	0.179245283019	0.0188679245283	0.903846153846	0.0961538461538	0.0	1.0	0.0	0.0
0.942446043165	0.0575539568345	0.0	1.0	0.0	0.0	1.0	0.0	0.0
0.649681528662	0.305732484076	0.0445859872611	0.5	0.5	0.0	0.0	0.0	0.0
0.952830188679	0.0471698113208	0.0	0.923076923077	0.0769230769231	0.0	1.0	0.0	0.0
0.320512820513	0.512820512821	0.166666666667	0.333333333333	0.666666666667	0.0	0.0	0.0	0.0
0.584905660377	0.358490566038	0.0566037735849	0.616279069767	0.360465116279	0.0232558139535	0.653846153846	0.269230769231	0.0769230769231
0.70297029703	0.257425742574	0.039603960396	0.578947368421	0.350877192982	0.0701754385965	0.285714285714	0.571428571429	0.142857142857
1.0	0.0	0.0	0.86	0.14	0.0	0.888888888889	0.111111111111	0.0
0.726114649682	0.210191082803	0.0636942675159	1.0	0.0	0.0	0.0	0.0	0.0
0.770491803279	0.22131147541	0.00819672131148	0.909090909091	0.0909090909091	0.0	1.0	0.0	0.0
0.537313432836	0.365671641791	0.0970149253731	0.0	0.866666666667	0.133333333333	0.0	0.0	1.0
1.0	0.0	0.0	0.0	1.0	0.0	0.0	0.0	1.0
1.0	0.0	0.0	0.733333333333	0.266666666667	0.0	0.722222222222	0.222222222222	0.0555555555556
0.957142857143	0.0428571428571	0.0	0.0	1.0	0.0	0.0	0.0	1.0
1.0	0.0	0.0	0.2	0.8	0.0	0.0	0.0	1.0
0.557142857143	0.35	0.0928571428571	0.833333333333	0.166666666667	0.0	1.0	0.0	0.0
0.989898989899	0.010101010101	0.0	0.358490566038	0.641509433962	0.0	0.0769230769231	0.153846153846	0.769230769231
0.813559322034	0.177966101695	0.00847457627119	0.918918918919	0.0810810810811	0.0	1.0	0.0	0.0
0.542857142857	0.364285714286	0.0928571428571	0.833333333333	0.166666666667	0.0	1.0	0.0	0.0
0.783505154639	0.20618556701	0.0103092783505	0.0	0.945454545455	0.0545454545455	0.0	0.0	1.0
1.0	0.0	0.0	0.777777777778	0.222222222222	0.0	0.647058823529	0.352941176471	0.0
0.993006993007	0.00699300699301	0.0	1.0	0.0	0.0	0.0	0.0	0.0
0.969512195122	0.030487804878	0.0	1.0	0.0	0.0	0.0	0.0	0.0
0.85	0.14375	0.00625	1.0	0.0	0.0	0.0	0.0	0.0
1.0	0.0	0.0	0.0	1.0	0.0	0.0	0.0	1.0
0.872340425532	0.127659574468	0.0	0.95652173913	0.0434782608696	0.0	1.0	0.0	0.0
0.869863013699	0.123287671233	0.00684931506849	1.0	0.0	0.0	0.0	0.0	0.0
1.0	0.0	0.0	0.833333333333	0.166666666667	0.0	1.0	0.0	0.0
0.728395061728	0.259259259259	0.0123456790123	1.0	0.0	0.0	0.0	0.0	0.0
0.96694214876	0.0330578512397	0.0	1.0	0.0	0.0	1.0	0.0	0.0
0.527950310559	0.434782608696	0.0372670807453	0.25	0.5	0.25	0.0	0.0	0.0
0.848837209302	0.139534883721	0.0116279069767	0.930555555556	0.0694444444444	0.0	1.0	0.0	0.0
0.489795918367	0.43537414966	0.0748299319728	0.0	0.764705882353	0.235294117647	0.0	0.0	1.0
1.0	0.0	0.0	0.220779220779	0.779220779221	0.0	0.0625	0.3125	0.625
0.666666666667	0.3	0.0333333333333	0.0923076923077	0.784615384615	0.123076923077	0.0	0.3	0.7
1.0	0.0	0.0	0.802469135802	0.197530864198	0.0	0.5	0.444444444444	0.0555555555556
0.878571428571	0.121428571429	0.0	0.583333333333	0.375	0.0416666666667	1.0	0.0	0.0
1.0	0.0	0.0	0.653846153846	0.346153846154	0.0	0.0	1.0	0.0
0.929032258065	0.0709677419355	0.0	1.0	0.0	0.0	0.0	0.0	0.0
0.993506493506	0.00649350649351	0.0	1.0	0.0	0.0	0.0	0.0	0.0
0.94512195122	0.0548780487805	0.0	1.0	0.0	0.0	0.0	0.0	0.0
0.775641025641	0.198717948718	0.025641025641	0.0	1.0	0.0	0.0	0.0	0.0
0.900826446281	0.099173553719	0.0	0.325	0.6	0.075	0.25	0.25	0.5
1.0	0.0	0.0	0.486486486486	0.513513513514	0.0	0.2	0.4	0.4
0.950704225352	0.0492957746479	0.0	1.0	0.0	0.0	1.0	0.0	0.0
0.924050632911	0.0759493670886	0.0	1.0	0.0	0.0	0.0	0.0	0.0
0.823529411765	0.169934640523	0.00653594771242	0.0	0.75	0.25	0.0	0.0	0.0
1.0	0.0	0.0	0.971428571429	0.0285714285714	0.0	1.0	0.0	0.0
1.0	0.0	0.0	0.0	1.0	0.0	0.0	0.0	0.0
1.0	0.0	0.0	0.0	1.0	0.0	0.0	0.0	0.0
1.0	0.0	0.0	0.0	1.0	0.0	0.0	0.0	0.0
0.780487804878	0.201219512195	0.0182926829268	1.0	0.0	0.0	0.0	0.0	0.0
0.472868217054	0.434108527132	0.093023255814	0.757575757576	0.212121212121	0.030303030303	1.0	0.0	0.0
0.741573033708	0.23595505618	0.0224719101124	0.015873015873	0.936507936508	0.047619047619	0.0	0.0	1.0
0.850746268657	0.134328358209	0.0149253731343	0.675	0.2875	0.0375	0.722222222222	0.222222222222	0.0555555555556
0.991935483871	0.00806451612903	0.0	0.138888888889	0.861111111111	0.0	0.2	0.0	0.8
0.550387596899	0.341085271318	0.108527131783	0.0	0.84375	0.15625	0.0	0.0	1.0
1.0	0.0	0.0	0.0281690140845	0.971830985915	0.0	0.0	0.0434782608696	0.95652173913
0.958904109589	0.041095890411	0.0	0.0	0.985714285714	0.0142857142857	0.0	0.0	1.0
0.871428571429	0.128571428571	0.0	0.875	0.125	0.0	0.869565217391	0.130434782609	0.0
0.506944444444	0.472222222222	0.0208333333333	0.714285714286	0.285714285714	0.0	0.0	0.0	0.0
0.204545454545	0.5	0.295454545455	0.405405405405	0.594594594595	0.0	1.0	0.0	0.0
0.450980392157	0.470588235294	0.078431372549	0.818181818182	0.181818181818	0.0	1.0	0.0	0.0
0.371900826446	0.561983471074	0.0661157024793	0.625	0.375	0.0	1.0	0.0	0.0
0.959459459459	0.0405405405405	0.0	0.0120481927711	0.987951807229	0.0	0.0	0.0	1.0
0.958333333333	0.0416666666667	0.0	0.823529411765	0.164705882353	0.0117647058824	0.625	0.375	0.0
0.9375	0.0625	0.0	1.0	0.0	0.0	1.0	0.0	0.0
0.737179487179	0.25641025641	0.00641025641026	0.777777777778	0.222222222222	0.0	0.0	0.0	0.0
0.229508196721	0.549180327869	0.22131147541	0.571428571429	0.428571428571	0.0	1.0	0.0	0.0
1.0	0.0	0.0	0.0	1.0	0.0	0.0	0.0	1.0
0.981132075472	0.0188679245283	0.0	0.647058823529	0.352941176471	0.0	0.333333333333	0.62962962963	0.037037037037
0.879310344828	0.120689655172	0.0	0.875	0.125	0.0	1.0	0.0	0.0
0.634482758621	0.344827586207	0.0206896551724	0.05	0.75	0.2	0.0	0.0	0.0
0.978494623656	0.0215053763441	0.0	0.584615384615	0.415384615385	0.0	0.142857142857	0.857142857143	0.0
0.530769230769	0.430769230769	0.0384615384615	0.771428571429	0.171428571429	0.0571428571429	0.0	0.0	0.0
0.260416666667	0.520833333333	0.21875	0.5	0.483870967742	0.0161290322581	1.0	0.0	0.0
0.650793650794	0.333333333333	0.015873015873	0.8125	0.1875	0.0	1.0	0.0	0.0
1.0	0.0	0.0	0.0	1.0	0.0	0.0	0.0	1.0
0.90625	0.09375	0.0	0.972222222222	0.0277777777778	0.0	1.0	0.0	0.0
0.348684210526	0.506578947368	0.144736842105	0.615384615385	0.384615384615	0.0	0.0	0.0	0.0
0.426229508197	0.491803278689	0.0819672131148	0.560975609756	0.439024390244	0.0	1.0	0.0	0.0
0.978723404255	0.0106382978723	0.0106382978723	0.0151515151515	0.969696969697	0.0151515151515	0.0	0.0	1.0
0.731182795699	0.268817204301	0.0	0.261538461538	0.646153846154	0.0923076923077	0.0	0.428571428571	0.571428571429
0.658823529412	0.305882352941	0.0352941176471	0.0714285714286	0.828571428571	0.1	0.1	0.1	0.8
0.290322580645	0.483870967742	0.225806451613	0.435294117647	0.564705882353	0.0	1.0	0.0	0.0
0.246575342466	0.506849315068	0.246575342466	0.576923076923	0.410256410256	0.0128205128205	1.0	0.0	0.0
0.714285714286	0.285714285714	0.0	0.884057971014	0.115942028986	0.0	1.0	0.0	0.0
1.0	0.0	0.0	0.1	0.833333333333	0.0666666666667	0.0	0.0	0.0
0.369565217391	0.550724637681	0.0797101449275	0.0	0.68	0.32	0.0	0.0	1.0
0.980392156863	0.0196078431373	0.0	0.247311827957	0.752688172043	0.0	0.0952380952381	0.428571428571	0.47619047619
0.68	0.293333333333	0.0266666666667	0.8375	0.1625	0.0	0.9	0.1	0.0
0.992125984252	0.00787401574803	0.0	1.0	0.0	0.0	1.0	0.0	0.0
0.426829268293	0.506097560976	0.0670731707317	0.0	1.0	0.0	0.0	0.0	0.0
1.0	0.0	0.0	0.928571428571	0.0714285714286	0.0	0.909090909091	0.0909090909091	0.0
0.993670886076	0.00632911392405	0.0	0.285714285714	0.714285714286	0.0	0.0	0.0	0.0
0.440251572327	0.496855345912	0.062893081761	0.833333333333	0.166666666667	0.0	0.0	0.0	0.0
0.893333333333	0.106666666667	0.0	0.0	0.9375	0.0625	0.0	0.0	1.0
1.0	0.0	0.0	0.987951807229	0.0120481927711	0.0	0.933333333333	0.0666666666667	0.0
0.435582822086	0.441717791411	0.122699386503	0.0	0.5	0.5	0.0	0.0	0.0
1.0	0.0	0.0	0.383561643836	0.616438356164	0.0	0.190476190476	0.47619047619	0.333333333333
0.68932038835	0.281553398058	0.0291262135922	0.781818181818	0.218181818182	0.0	0.857142857143	0.142857142857	0.0
0.616666666667	0.35	0.0333333333333	0.714285714286	0.285714285714	0.0	1.0	0.0	0.0
0.990654205607	0.00934579439252	0.0	0.981481481481	0.0185185185185	0.0	1.0	0.0	0.0
0.680981595092	0.282208588957	0.0368098159509	1.0	0.0	0.0	0.0	0.0	0.0
0.566371681416	0.389380530973	0.0442477876106	0.173913043478	0.673913043478	0.152173913043	0.0	0.333333333333	0.666666666667
0.847222222222	0.152777777778	0.0	0.441558441558	0.532467532468	0.025974025974	0.375	0.5	0.125
0.524752475248	0.405940594059	0.0693069306931	0.0	0.766666666667	0.233333333333	0.0	0.25	0.75
0.981132075472	0.0188679245283	0.0	0.113636363636	0.863636363636	0.0227272727273	0.0	0.0833333333333	0.916666666667
0.983870967742	0.0161290322581	0.0	0.0	0.987341772152	0.0126582278481	0.0	0.0	1.0
0.918032786885	0.0655737704918	0.016393442623	0.0	0.987341772152	0.0126582278481	0.0	0.04	0.96
0.821428571429	0.178571428571	0.0	0.0602409638554	0.927710843373	0.0120481927711	0.0384615384615	0.0	0.961538461538
1.0	0.0	0.0	0.114942528736	0.885057471264	0.0	0.0	0.0769230769231	0.923076923077
1.0	0.0	0.0	0.0	1.0	0.0	0.0	0.0	1.0
1.0	0.0	0.0	0.0253164556962	0.962025316456	0.0126582278481	0.0	0.0	1.0
1.0	0.0	0.0	0.855263157895	0.144736842105	0.0	0.88	0.08	0.04
0.735099337748	0.251655629139	0.0132450331126	0.0	1.0	0.0	0.0	0.0	1.0
0.558558558559	0.351351351351	0.0900900900901	0.0	0.78431372549	0.21568627451	0.0	0.0	1.0
1.0	0.0	0.0	0.53164556962	0.46835443038	0.0	0.125	0.458333333333	0.416666666667
0.88785046729	0.102803738318	0.00934579439252	0.958333333333	0.0416666666667	0.0	1.0	0.0	0.0
0.41059602649	0.450331125828	0.139072847682	0.0	0.846153846154	0.153846153846	0.0	0.0	1.0
1.0	0.0	0.0	0.46835443038	0.53164556962	0.0	0.416666666667	0.458333333333	0.125
1.0	0.0	0.0	0.981132075472	0.0188679245283	0.0	1.0	0.0	0.0
0.743902439024	0.243902439024	0.0121951219512	0.0	1.0	0.0	0.0	0.0	0.0
0.606557377049	0.319672131148	0.0737704918033	0.756097560976	0.243902439024	0.0	1.0	0.0	0.0
0.485981308411	0.467289719626	0.0467289719626	0.0	0.755102040816	0.244897959184	0.0	0.0	1.0
1.0	0.0	0.0	0.114942528736	0.885057471264	0.0	0.0	0.0769230769231	0.923076923077
1.0	0.0	0.0	0.860759493671	0.139240506329	0.0	0.875	0.0833333333333	0.0416666666667
0.41059602649	0.443708609272	0.145695364238	0.0	0.846153846154	0.153846153846	0.0	0.0	1.0
0.838709677419	0.161290322581	0.0	0.0	0.987179487179	0.0128205128205	0.0	0.0	1.0
1.0	0.0	0.0	0.574712643678	0.425287356322	0.0	0.192307692308	0.423076923077	0.384615384615
1.0	0.0	0.0	0.0	1.0	0.0	0.0	0.0	1.0
0.822429906542	0.168224299065	0.00934579439252	0.895833333333	0.104166666667	0.0	1.0	0.0	0.0
0.333333333333	0.496453900709	0.170212765957	0.608695652174	0.391304347826	0.0	1.0	0.0	0.0
1.0	0.0	0.0	0.860759493671	0.139240506329	0.0	0.875	0.0833333333333	0.0416666666667
0.827814569536	0.158940397351	0.0132450331126	0.846153846154	0.153846153846	0.0	1.0	0.0	0.0
0.656934306569	0.321167883212	0.021897810219	0.730769230769	0.269230769231	0.0	1.0	0.0	0.0
0.558558558559	0.351351351351	0.0900900900901	0.0	0.764705882353	0.235294117647	0.0	0.0	1.0
1.0	0.0	0.0	0.858974358974	0.141025641026	0.0	0.88	0.08	0.04
0.41059602649	0.450331125828	0.139072847682	0.0	0.846153846154	0.153846153846	0.0	0.0	1.0
1.0	0.0	0.0	0.0	1.0	0.0	0.0	0.0	1.0
0.983870967742	0.0161290322581	0.0	0.518987341772	0.481012658228	0.0	0.125	0.458333333333	0.416666666667
0.580952380952	0.390476190476	0.0285714285714	0.02	0.76	0.22	0.0	0.0	1.0
0.854838709677	0.145161290323	0.0	0.0	0.974683544304	0.0253164556962	0.0	0.0	1.0
1.0	0.0	0.0	0.104651162791	0.895348837209	0.0	0.0	0.0384615384615	0.961538461538
1.0	0.0	0.0	0.358974358974	0.641025641026	0.0	0.12	0.36	0.52
0.569892473118	0.387096774194	0.0430107526882	0.0	0.847457627119	0.152542372881	0.0	0.0	1.0
1.0	0.0	0.0	0.418604651163	0.581395348837	0.0	0.153846153846	0.346153846154	0.5
1.0	0.0	0.0	0.0	1.0	0.0	0.0	0.0	1.0
1.0	0.0	0.0	0.0	1.0	0.0	0.0	0.0	1.0
0.784946236559	0.193548387097	0.0215053763441	0.864406779661	0.135593220339	0.0	1.0	0.0	0.0
0.525547445255	0.379562043796	0.0948905109489	0.692307692308	0.307692307692	0.0	1.0	0.0	0.0
0.673913043478	0.304347826087	0.0217391304348	0.0	0.833333333333	0.166666666667	0.0	0.0	1.0
0.790322580645	0.209677419355	0.0	0.0	0.871794871795	0.128205128205	0.0	0.0	1.0
0.979591836735	0.0204081632653	0.0	0.16049382716	0.83950617284	0.0	0.0	0.285714285714	0.714285714286
0.819672131148	0.180327868852	0.0	0.848101265823	0.151898734177	0.0	1.0	0.0	0.0
0.654929577465	0.323943661972	0.0211267605634	0.782608695652	0.217391304348	0.0	0.0	0.0	0.0
0.432432432432	0.432432432432	0.135135135135	0.0	0.666666666667	0.333333333333	0.0	0.0	1.0
1.0	0.0	0.0	0.0	1.0	0.0	0.0	0.0	1.0
1.0	0.0	0.0	0.585365853659	0.414634146341	0.0	0.257142857143	0.457142857143	0.285714285714
0.704761904762	0.266666666667	0.0285714285714	0.0	0.82	0.18	0.0	0.0	1.0
0.972972972973	0.027027027027	0.0	1.0	0.0	0.0	1.0	0.0	0.0
0.638036809816	0.325153374233	0.0368098159509	1.0	0.0	0.0	0.0	0.0	0.0